#=====================================================
# File created:        Wed-25-Oct-2023-at-04-07-49PM
# Size of lattice:     200x200
# Number of MC steps:  50
# Reduced temperature: 0.500
# Run time (s):        21.188707
#=====================================================
# MC step:  Ratio:     Energy:   Order:
#=====================================================
   00000    0.5000  -40005.2105  0.2518 
   00001    0.6768  -60024.9270  0.2521 
   00002    0.6192  -72474.8069  0.2544 
   00003    0.5895  -81294.2464  0.2544 
   00004    0.5585  -88091.7141  0.2538 
   00005    0.5379  -93522.2310  0.2516 
   00006    0.5208  -98078.5998  0.2522 
   00007    0.5027 -101848.7498  0.2518 
   00008    0.5012 -104632.3287  0.2541 
   00009    0.4937 -107159.4465  0.2540 
   00010    0.4830 -109624.6757  0.2548 
   00011    0.4784 -111767.7420  0.2548 
   00012    0.4717 -113410.6201  0.2563 
   00013    0.4669 -114773.6334  0.2553 
   00014    0.4634 -115927.0142  0.2571 
   00015    0.4609 -117286.4478  0.2559 
   00016    0.4581 -118507.5721  0.2566 
   00017    0.4554 -119390.7490  0.2567 
   00018    0.4464 -120260.5442  0.2571 
   00019    0.4506 -120963.9749  0.2572 
   00020    0.4459 -121620.6735  0.2570 
   00021    0.4470 -122351.3610  0.2575 
   00022    0.4474 -122995.1799  0.2569 
   00023    0.4410 -123503.4259  0.2568 
   00024    0.4447 -124101.2239  0.2573 
   00025    0.4395 -124438.6222  0.2569 
   00026    0.4326 -124922.5262  0.2569 
   00027    0.4389 -125451.2264  0.2564 
   00028    0.4390 -125591.2927  0.2564 
   00029    0.4366 -125984.8603  0.2566 
   00030    0.4339 -126488.4669  0.2587 
   00031    0.4324 -126820.8797  0.2583 
   00032    0.4328 -127210.8253  0.2610 
   00033    0.4331 -127564.7420  0.2609 
   00034    0.4326 -127612.6861  0.2617 
   00035    0.4313 -127729.5757  0.2597 
   00036    0.4324 -127835.5004  0.2611 
   00037    0.4320 -128121.8951  0.2625 
   00038    0.4313 -128278.8818  0.2634 
   00039    0.4304 -128326.7989  0.2640 
   00040    0.4331 -128678.0651  0.2663 
   00041    0.4320 -128786.2991  0.2668 
   00042    0.4265 -128955.8281  0.2659 
   00043    0.4295 -129043.7757  0.2662 
   00044    0.4355 -129217.9805  0.2683 
   00045    0.4248 -129378.0387  0.2688 
   00046    0.4242 -129678.6713  0.2695 
   00047    0.4209 -130052.1605  0.2702 
   00048    0.4303 -130035.6047  0.2701 
   00049    0.4252 -130149.4100  0.2703 
   00050    0.4220 -130294.5828  0.2711 
