#=====================================================
# File created:        Tue-07-Nov-2023-at-11-46-38PM
# Size of lattice:     600x600
# Number of MC steps:  50
# Reduced temperature: 0.500
# Run time (s):        687.883235
#=====================================================
# MC step:  Ratio:     Energy:   Order:
#=====================================================
   00000    0.5000 -357952.3967  0.2617 
   00001    0.6808 -534346.8486  0.2580 
   00002    0.6226 -647704.2660  0.2986 
   00003    0.5859 -729305.6998  0.2822 
   00004    0.5583 -791423.5659  0.3008 
   00005    0.5368 -840619.0348  0.3042 
   00006    0.5209 -881390.2962  0.2867 
   00007    0.5087 -914576.6223  0.2738 
   00008    0.4971 -943088.0766  0.2787 
   00009    0.4895 -967212.8888  0.2822 
   00010    0.4836 -988153.6675  0.2928 
   00011    0.4775 -1005342.2147  0.2766 
   00012    0.4716 -1021467.8002  0.2832 
   00013    0.4670 -1034374.3612  0.2501 
   00014    0.4626 -1046487.5495  0.2736 
   00015    0.4594 -1056691.8586  0.2894 
   00016    0.4571 -1065994.8600  0.2709 
   00017    0.4535 -1073254.7545  0.2654 
   00018    0.4525 -1081031.2842  0.2576 
   00019    0.4491 -1087863.0073  0.2567 
   00020    0.4478 -1094068.2036  0.2654 
   00021    0.4467 -1100064.3878  0.2691 
   00022    0.4454 -1105463.8688  0.2686 
   00023    0.4432 -1110816.0006  0.2454 
   00024    0.4420 -1115252.7446  0.2356 
   00025    0.4406 -1119346.1930  0.2398 
   00026    0.4396 -1123351.2356  0.2359 
   00027    0.4379 -1126885.4521  0.2282 
   00028    0.4364 -1130489.3858  0.2231 
   00029    0.4350 -1132997.6778  0.2137 
   00030    0.4358 -1135539.4365  0.2328 
   00031    0.4347 -1138427.4503  0.2323 
   00032    0.4335 -1140774.1555  0.2351 
   00033    0.4342 -1143394.9981  0.2496 
   00034    0.4331 -1145452.3387  0.2347 
   00035    0.4314 -1147898.6415  0.2297 
   00036    0.4316 -1150437.5741  0.2637 
   00037    0.4310 -1151632.2074  0.2642 
   00038    0.4303 -1153870.4591  0.2564 
   00039    0.4309 -1155389.8632  0.2529 
   00040    0.4280 -1156452.5947  0.2351 
   00041    0.4299 -1158169.6677  0.2415 
   00042    0.4282 -1160028.7773  0.2514 
   00043    0.4269 -1161655.8926  0.2338 
   00044    0.4274 -1162940.6558  0.2240 
   00045    0.4264 -1163580.4387  0.2286 
   00046    0.4278 -1164578.2107  0.2395 
   00047    0.4267 -1165729.9569  0.2353 
   00048    0.4271 -1167827.9813  0.2377 
   00049    0.4275 -1169000.8301  0.2500 
   00050    0.4249 -1170703.1896  0.2326 
