#=====================================================
# File created:        Tue-07-Nov-2023-at-11-53-08PM
# Size of lattice:     750x750
# Number of MC steps:  50
# Reduced temperature: 0.500
# Run time (s):        1078.938812
#=====================================================
# MC step:  Ratio:     Energy:   Order:
#=====================================================
   00000    0.5000 -562900.6384  0.3233 
   00001    0.6803 -836675.0473  0.2873 
   00002    0.6239 -1013998.7583  0.3082 
   00003    0.5854 -1141644.7078  0.3014 
   00004    0.5572 -1239345.0652  0.3015 
   00005    0.5373 -1315843.2491  0.3116 
   00006    0.5206 -1378545.9400  0.3096 
   00007    0.5086 -1429406.9584  0.2907 
   00008    0.4983 -1474388.0428  0.3161 
   00009    0.4895 -1511389.5563  0.3245 
   00010    0.4831 -1543481.6794  0.3046 
   00011    0.4767 -1570626.3763  0.2974 
   00012    0.4708 -1593637.4036  0.2882 
   00013    0.4675 -1614490.9082  0.2963 
   00014    0.4620 -1633962.4347  0.2915 
   00015    0.4608 -1649888.8699  0.2849 
   00016    0.4562 -1665574.8318  0.2749 
   00017    0.4537 -1678505.5520  0.2729 
   00018    0.4529 -1690278.3452  0.2668 
   00019    0.4496 -1701131.3616  0.2564 
   00020    0.4488 -1710793.0379  0.2598 
   00021    0.4463 -1719960.0417  0.2682 
   00022    0.4449 -1728604.1831  0.2764 
   00023    0.4422 -1736697.5798  0.2739 
   00024    0.4403 -1743500.6110  0.2586 
   00025    0.4403 -1749354.0638  0.2746 
   00026    0.4401 -1755142.6965  0.2778 
   00027    0.4381 -1760743.7679  0.2731 
   00028    0.4363 -1765947.5418  0.2692 
   00029    0.4363 -1770919.3482  0.2806 
   00030    0.4360 -1775316.9907  0.2863 
   00031    0.4338 -1779641.1561  0.2716 
   00032    0.4350 -1783133.7992  0.2827 
   00033    0.4343 -1786682.5088  0.2692 
   00034    0.4334 -1790035.5352  0.2557 
   00035    0.4311 -1793064.1427  0.2540 
   00036    0.4324 -1795702.3070  0.2538 
   00037    0.4308 -1798617.1345  0.2559 
   00038    0.4310 -1801599.0019  0.2571 
   00039    0.4312 -1804338.7458  0.2558 
   00040    0.4283 -1807139.3378  0.2559 
   00041    0.4298 -1809128.2460  0.2635 
   00042    0.4273 -1811220.8586  0.2441 
   00043    0.4287 -1813254.3837  0.2502 
   00044    0.4283 -1815780.1146  0.2577 
   00045    0.4268 -1818048.7791  0.2408 
   00046    0.4275 -1821374.0702  0.2416 
   00047    0.4285 -1822717.4695  0.2416 
   00048    0.4265 -1824612.5910  0.2495 
   00049    0.4262 -1826269.9715  0.2572 
   00050    0.4263 -1827893.2376  0.2582 
