#=====================================================
# File created:        Tue-07-Nov-2023-at-11-43-59PM
# Size of lattice:     525x525
# Number of MC steps:  50
# Reduced temperature: 0.500
# Run time (s):        529.792362
#=====================================================
# MC step:  Ratio:     Energy:   Order:
#=====================================================
   00000    0.5000 -276173.7138  0.3191 
   00001    0.6791 -409870.4120  0.2808 
   00002    0.6247 -497086.4197  0.2984 
   00003    0.5841 -559088.5653  0.3128 
   00004    0.5579 -606158.8247  0.2825 
   00005    0.5365 -644456.9866  0.2651 
   00006    0.5221 -675186.6455  0.2729 
   00007    0.5095 -701246.3963  0.2943 
   00008    0.4996 -723119.1098  0.2928 
   00009    0.4904 -741338.8235  0.3140 
   00010    0.4816 -756715.8625  0.3148 
   00011    0.4752 -770456.7746  0.2872 
   00012    0.4701 -782526.0796  0.2920 
   00013    0.4654 -792986.4642  0.2889 
   00014    0.4623 -801730.7238  0.2866 
   00015    0.4587 -810017.3055  0.3261 
   00016    0.4569 -816971.9653  0.3233 
   00017    0.4521 -823288.2426  0.2983 
   00018    0.4502 -828823.0748  0.3043 
   00019    0.4492 -834669.5447  0.3192 
   00020    0.4482 -839436.3767  0.3230 
   00021    0.4451 -843417.0704  0.2920 
   00022    0.4463 -847719.7634  0.3081 
   00023    0.4423 -851971.2777  0.3249 
   00024    0.4414 -855040.8312  0.3303 
   00025    0.4388 -858058.8917  0.3065 
   00026    0.4387 -860886.3925  0.3026 
   00027    0.4385 -863286.8617  0.3044 
   00028    0.4369 -866114.4062  0.3078 
   00029    0.4365 -868295.8314  0.2986 
   00030    0.4361 -870376.5596  0.2794 
   00031    0.4360 -872493.9133  0.3069 
   00032    0.4320 -874442.4876  0.3282 
   00033    0.4329 -875984.8441  0.3102 
   00034    0.4322 -877517.4827  0.3199 
   00035    0.4300 -879246.2820  0.3139 
   00036    0.4312 -880613.8924  0.2945 
   00037    0.4312 -882129.1908  0.2974 
   00038    0.4316 -883454.0851  0.3192 
   00039    0.4301 -885093.2516  0.3209 
   00040    0.4298 -886013.6237  0.3070 
   00041    0.4268 -886905.3042  0.2728 
   00042    0.4276 -887753.5923  0.2878 
   00043    0.4275 -888527.7127  0.2994 
   00044    0.4286 -889742.1070  0.2978 
   00045    0.4282 -890452.2657  0.2983 
   00046    0.4278 -890807.6889  0.3105 
   00047    0.4276 -891315.8990  0.3120 
   00048    0.4270 -892667.8697  0.3126 
   00049    0.4262 -893710.2682  0.3121 
   00050    0.4247 -894809.4500  0.3175 
