#=====================================================
# File created:        Tue-07-Nov-2023-at-11-42-16PM
# Size of lattice:     450x450
# Number of MC steps:  50
# Reduced temperature: 0.500
# Run time (s):        427.513209
#=====================================================
# MC step:  Ratio:     Energy:   Order:
#=====================================================
   00000    0.5000 -202392.0022  0.3165 
   00001    0.6788 -300879.3628  0.3490 
   00002    0.6234 -365398.3538  0.3189 
   00003    0.5856 -411145.0952  0.3202 
   00004    0.5570 -446272.6234  0.3414 
   00005    0.5365 -474435.2031  0.3345 
   00006    0.5216 -497532.8499  0.3319 
   00007    0.5084 -516443.0587  0.3189 
   00008    0.4969 -532284.0731  0.2950 
   00009    0.4889 -545119.3077  0.3056 
   00010    0.4793 -556955.6819  0.3040 
   00011    0.4748 -566819.1324  0.3136 
   00012    0.4705 -575322.7758  0.3006 
   00013    0.4660 -583081.2231  0.3028 
   00014    0.4625 -589272.4664  0.2989 
   00015    0.4592 -595287.2749  0.3006 
   00016    0.4561 -600334.4903  0.3190 
   00017    0.4528 -605658.4908  0.2910 
   00018    0.4515 -609857.1577  0.3349 
   00019    0.4503 -613329.5607  0.3170 
   00020    0.4477 -616797.2307  0.3201 
   00021    0.4444 -619849.0465  0.3388 
   00022    0.4436 -622616.7040  0.3095 
   00023    0.4425 -624974.8712  0.2885 
   00024    0.4432 -627497.2982  0.2848 
   00025    0.4421 -629683.1070  0.2793 
   00026    0.4376 -631600.9700  0.2872 
   00027    0.4378 -633597.0837  0.2646 
   00028    0.4375 -635429.7145  0.2594 
   00029    0.4363 -637093.0755  0.2801 
   00030    0.4363 -638827.3620  0.2947 
   00031    0.4334 -640169.2676  0.2853 
   00032    0.4341 -641806.9332  0.2835 
   00033    0.4313 -643310.2453  0.2954 
   00034    0.4325 -644451.5940  0.2768 
   00035    0.4336 -645629.2621  0.2951 
   00036    0.4306 -646321.0116  0.2805 
   00037    0.4324 -647372.4805  0.2643 
   00038    0.4324 -648272.4994  0.2808 
   00039    0.4310 -649208.0016  0.2687 
   00040    0.4293 -651115.1900  0.2492 
   00041    0.4297 -651754.7615  0.2568 
   00042    0.4277 -652634.3056  0.2629 
   00043    0.4288 -652960.3355  0.2406 
   00044    0.4303 -653263.1831  0.2554 
   00045    0.4290 -654059.9328  0.2607 
   00046    0.4273 -654705.1825  0.2609 
   00047    0.4283 -655419.4926  0.2544 
   00048    0.4266 -655925.8891  0.2572 
   00049    0.4276 -656526.8086  0.2756 
   00050    0.4276 -657083.0748  0.2719 
