#=====================================================
# File created:        Tue-07-Nov-2023-at-11-36-38PM
# Size of lattice:     225x225
# Number of MC steps:  50
# Reduced temperature: 0.500
# Run time (s):        90.475946
#=====================================================
# MC step:  Ratio:     Energy:   Order:
#=====================================================
   00000    0.5000  -50662.9428  0.2772 
   00001    0.6784  -75121.4103  0.2918 
   00002    0.6207  -91012.1603  0.2960 
   00003    0.5863 -102352.3492  0.3122 
   00004    0.5622 -111306.6723  0.3498 
   00005    0.5387 -118278.9307  0.3823 
   00006    0.5249 -123833.4445  0.3717 
   00007    0.5129 -128401.8151  0.3248 
   00008    0.4994 -132533.6802  0.3363 
   00009    0.4907 -135884.0567  0.3702 
   00010    0.4827 -138850.2700  0.3285 
   00011    0.4806 -141166.5360  0.3061 
   00012    0.4749 -143452.6557  0.2944 
   00013    0.4688 -145394.3809  0.3145 
   00014    0.4614 -147046.9195  0.3148 
   00015    0.4630 -148327.6029  0.3222 
   00016    0.4543 -149567.7927  0.3512 
   00017    0.4554 -150868.9772  0.3361 
   00018    0.4531 -151959.8384  0.3041 
   00019    0.4527 -152485.0415  0.3490 
   00020    0.4460 -153387.7940  0.3499 
   00021    0.4449 -154433.5810  0.3686 
   00022    0.4429 -155241.0595  0.3602 
   00023    0.4446 -156115.0827  0.3703 
   00024    0.4426 -156761.8668  0.3579 
   00025    0.4454 -156941.4085  0.3718 
   00026    0.4416 -157555.2567  0.3627 
   00027    0.4359 -158012.0373  0.3293 
   00028    0.4387 -158515.1237  0.3337 
   00029    0.4335 -158986.3649  0.3206 
   00030    0.4355 -159518.9222  0.3472 
   00031    0.4353 -159878.3875  0.3176 
   00032    0.4366 -160107.9885  0.3244 
   00033    0.4367 -160195.8067  0.2971 
   00034    0.4330 -160652.1329  0.3380 
   00035    0.4353 -160878.9851  0.3414 
   00036    0.4343 -161208.1979  0.3409 
   00037    0.4320 -161387.3063  0.3566 
   00038    0.4323 -161801.8968  0.3392 
   00039    0.4297 -161965.0956  0.3467 
   00040    0.4272 -162236.9164  0.3279 
   00041    0.4286 -162536.4000  0.3384 
   00042    0.4271 -162687.3752  0.3404 
   00043    0.4295 -162764.4146  0.3437 
   00044    0.4304 -163094.6743  0.3214 
   00045    0.4269 -163399.2875  0.3087 
   00046    0.4298 -163591.0993  0.3051 
   00047    0.4277 -163608.6457  0.3238 
   00048    0.4278 -163650.6896  0.3181 
   00049    0.4276 -163635.7481  0.3137 
   00050    0.4287 -163847.9752  0.3223 
