#=====================================================
# File created:        Tue-07-Nov-2023-at-11-52-56PM
# Size of lattice:     675x675
# Number of MC steps:  50
# Reduced temperature: 0.500
# Run time (s):        1067.175382
#=====================================================
# MC step:  Ratio:     Energy:   Order:
#=====================================================
   00000    0.5000 -454643.9099  0.2925 
   00001    0.6805 -676379.7973  0.2853 
   00002    0.6234 -820598.0615  0.3188 
   00003    0.5864 -924218.4394  0.2962 
   00004    0.5576 -1002531.0701  0.2669 
   00005    0.5371 -1064363.7759  0.2537 
   00006    0.5212 -1115548.7653  0.2616 
   00007    0.5082 -1157715.5441  0.2505 
   00008    0.4993 -1193378.6509  0.2404 
   00009    0.4900 -1222808.8546  0.2500 
   00010    0.4832 -1248870.7101  0.2459 
   00011    0.4768 -1271729.7060  0.2592 
   00012    0.4721 -1290758.5158  0.2458 
   00013    0.4670 -1308170.4443  0.2288 
   00014    0.4629 -1323495.7232  0.2232 
   00015    0.4592 -1336603.8553  0.2381 
   00016    0.4576 -1348591.5880  0.2288 
   00017    0.4540 -1359337.1846  0.2377 
   00018    0.4511 -1369287.6601  0.2275 
   00019    0.4489 -1378229.1450  0.2283 
   00020    0.4482 -1385361.1211  0.2357 
   00021    0.4459 -1393057.1838  0.2423 
   00022    0.4436 -1399174.0970  0.2285 
   00023    0.4427 -1405511.7645  0.2446 
   00024    0.4424 -1410619.5450  0.2340 
   00025    0.4415 -1416309.7627  0.2324 
   00026    0.4389 -1421158.7627  0.2429 
   00027    0.4389 -1425929.4752  0.2301 
   00028    0.4372 -1430015.6636  0.2357 
   00029    0.4374 -1434096.0346  0.2318 
   00030    0.4346 -1438132.7336  0.2115 
   00031    0.4341 -1441191.5673  0.2068 
   00032    0.4335 -1443773.8594  0.1993 
   00033    0.4334 -1446444.1731  0.2063 
   00034    0.4324 -1449499.3338  0.2018 
   00035    0.4309 -1452482.2583  0.1960 
   00036    0.4324 -1455623.7551  0.2027 
   00037    0.4306 -1458207.3928  0.2071 
   00038    0.4302 -1460289.1111  0.2121 
   00039    0.4294 -1462662.8068  0.2146 
   00040    0.4302 -1464162.2282  0.2266 
   00041    0.4284 -1466291.0066  0.2309 
   00042    0.4285 -1468084.7472  0.2190 
   00043    0.4277 -1469084.1409  0.2093 
   00044    0.4279 -1470917.7764  0.2215 
   00045    0.4283 -1472346.8020  0.2246 
   00046    0.4273 -1473877.9606  0.2313 
   00047    0.4260 -1475844.3315  0.2375 
   00048    0.4257 -1477330.3904  0.2227 
   00049    0.4267 -1478767.9943  0.2073 
   00050    0.4249 -1480642.0836  0.1919 
