#=====================================================
# File created:        Tue-07-Nov-2023-at-11-38-48PM
# Size of lattice:     300x300
# Number of MC steps:  50
# Reduced temperature: 0.500
# Run time (s):        219.191758
#=====================================================
# MC step:  Ratio:     Energy:   Order:
#=====================================================
   00000    0.5000  -90249.7552  0.2741 
   00001    0.6786 -133907.2160  0.3363 
   00002    0.6235 -162112.4710  0.3021 
   00003    0.5821 -182422.3403  0.2881 
   00004    0.5558 -197764.0434  0.3092 
   00005    0.5383 -210192.3165  0.3006 
   00006    0.5243 -220273.3641  0.2583 
   00007    0.5101 -228690.0161  0.2441 
   00008    0.4970 -236102.1976  0.2492 
   00009    0.4901 -241425.8544  0.2467 
   00010    0.4832 -246887.1519  0.3043 
   00011    0.4776 -251262.4919  0.2928 
   00012    0.4703 -255081.6098  0.2936 
   00013    0.4654 -258459.7389  0.2781 
   00014    0.4623 -261492.0865  0.3018 
   00015    0.4580 -264178.2775  0.3090 
   00016    0.4572 -266779.1190  0.2998 
   00017    0.4560 -268738.2754  0.3169 
   00018    0.4515 -270543.0909  0.3222 
   00019    0.4493 -272537.3154  0.3058 
   00020    0.4473 -274370.3406  0.3262 
   00021    0.4432 -275928.9595  0.3351 
   00022    0.4432 -277212.0015  0.3282 
   00023    0.4426 -278021.1545  0.3454 
   00024    0.4400 -279025.1714  0.3284 
   00025    0.4414 -279999.3591  0.3292 
   00026    0.4384 -280964.3293  0.3278 
   00027    0.4393 -281697.3660  0.3163 
   00028    0.4354 -282609.3486  0.3207 
   00029    0.4388 -283086.9832  0.3284 
   00030    0.4360 -284245.7943  0.3537 
   00031    0.4357 -284941.2561  0.3389 
   00032    0.4303 -285167.2494  0.3127 
   00033    0.4317 -285882.2824  0.3152 
   00034    0.4314 -286763.3505  0.3084 
   00035    0.4332 -286945.3663  0.3145 
   00036    0.4313 -287730.0664  0.3052 
   00037    0.4309 -288314.5969  0.3210 
   00038    0.4290 -288785.6726  0.3104 
   00039    0.4296 -289291.7365  0.3394 
   00040    0.4323 -289816.1169  0.3416 
   00041    0.4271 -290253.3377  0.3209 
   00042    0.4272 -290606.1404  0.3313 
   00043    0.4284 -290652.5767  0.3439 
   00044    0.4270 -290916.4142  0.3386 
   00045    0.4304 -291162.8187  0.3489 
   00046    0.4306 -291650.5791  0.3612 
   00047    0.4274 -291692.1347  0.3602 
   00048    0.4255 -291886.9131  0.3635 
   00049    0.4275 -291825.3408  0.3547 
   00050    0.4264 -292160.7087  0.3501 
