#=====================================================
# File created:        Tue-07-Nov-2023-at-11-39-33PM
# Size of lattice:     375x375
# Number of MC steps:  50
# Reduced temperature: 0.500
# Run time (s):        264.721474
#=====================================================
# MC step:  Ratio:     Energy:   Order:
#=====================================================
   00000    0.5000 -140263.7665  0.4637 
   00001    0.6817 -209247.5427  0.4737 
   00002    0.6224 -253250.6083  0.3867 
   00003    0.5850 -285265.6265  0.4016 
   00004    0.5578 -309843.6739  0.3285 
   00005    0.5381 -328904.2067  0.3327 
   00006    0.5189 -344655.7165  0.3459 
   00007    0.5118 -357532.6443  0.3686 
   00008    0.4972 -368171.2640  0.3810 
   00009    0.4892 -377092.4152  0.3649 
   00010    0.4858 -385358.2374  0.3563 
   00011    0.4771 -391737.3944  0.3764 
   00012    0.4705 -397969.5219  0.3655 
   00013    0.4656 -403007.2233  0.3900 
   00014    0.4635 -407664.0982  0.3684 
   00015    0.4629 -411762.1143  0.3404 
   00016    0.4589 -416099.3413  0.3686 
   00017    0.4544 -419204.4979  0.3550 
   00018    0.4527 -422420.0533  0.3526 
   00019    0.4500 -425289.0161  0.3338 
   00020    0.4448 -427750.0363  0.3500 
   00021    0.4442 -429817.7699  0.3322 
   00022    0.4451 -431876.6225  0.3539 
   00023    0.4413 -434106.6387  0.3619 
   00024    0.4409 -435900.8237  0.3576 
   00025    0.4413 -437488.1114  0.3658 
   00026    0.4409 -439290.5837  0.3664 
   00027    0.4356 -440890.1700  0.3616 
   00028    0.4359 -442124.9336  0.3688 
   00029    0.4351 -443295.5957  0.3716 
   00030    0.4349 -443937.2921  0.3801 
   00031    0.4333 -444727.4518  0.3602 
   00032    0.4329 -446051.7371  0.3671 
   00033    0.4325 -446653.9985  0.3723 
   00034    0.4326 -447816.2776  0.3985 
   00035    0.4348 -448719.8616  0.4121 
   00036    0.4330 -449295.0124  0.4194 
   00037    0.4298 -450166.0038  0.4230 
   00038    0.4305 -450672.7990  0.3699 
   00039    0.4303 -451081.6814  0.3701 
   00040    0.4292 -452233.5131  0.3913 
   00041    0.4276 -452615.8539  0.3702 
   00042    0.4289 -453479.0743  0.3563 
   00043    0.4277 -453806.1419  0.3517 
   00044    0.4271 -454087.4232  0.3545 
   00045    0.4287 -454560.0550  0.3757 
   00046    0.4277 -454978.4448  0.3914 
   00047    0.4270 -455411.3931  0.3771 
   00048    0.4255 -455983.3125  0.3749 
   00049    0.4245 -456728.0479  0.3454 
   00050    0.4270 -456710.6455  0.3512 
