#=====================================================
# File created:        Wed-08-Nov-2023-at-02-40-37AM
# Size of lattice:     525x525
# Number of MC steps:  50
# Reduced temperature: 0.500
# Run time (s):        324.295641
#=====================================================
# MC step:  Ratio:     Energy:   Order:
#=====================================================
   00000    0.5000 -275249.9375  0.2506 
   00001    0.6800 -410208.1875  0.2514 
   00002    0.6234 -498027.0312  0.2509 
   00003    0.5835 -559787.4375  0.2518 
   00004    0.5575 -607950.9375  0.2510 
   00005    0.5356 -645721.3750  0.2511 
   00006    0.5195 -676110.4375  0.2512 
   00007    0.5085 -701590.0625  0.2509 
   00008    0.4974 -722154.2500  0.2513 
   00009    0.4910 -740854.1250  0.2517 
   00010    0.4825 -756338.0000  0.2516 
   00011    0.4780 -770348.9375  0.2516 
   00012    0.4723 -782294.5000  0.2518 
   00013    0.4663 -792797.8750  0.2521 
   00014    0.4627 -801758.6875  0.2521 
   00015    0.4602 -809921.2500  0.2529 
   00016    0.4564 -817365.8750  0.2526 
   00017    0.4561 -824171.6875  0.2525 
   00018    0.4506 -829986.4375  0.2531 
   00019    0.4492 -834768.6875  0.2537 
   00020    0.4472 -839646.2500  0.2536 
   00021    0.4449 -843646.3750  0.2537 
   00022    0.4444 -847441.0625  0.2534 
   00023    0.4423 -850918.5625  0.2531 
   00024    0.4421 -854585.8125  0.2526 
   00025    0.4404 -857132.2500  0.2525 
   00026    0.4392 -859867.1875  0.2519 
   00027    0.4369 -862701.4375  0.2524 
   00028    0.4371 -865100.2500  0.2528 
   00029    0.4343 -867297.8125  0.2527 
   00030    0.4366 -869274.3125  0.2527 
   00031    0.4359 -870910.0000  0.2524 
   00032    0.4348 -873036.1250  0.2526 
   00033    0.4324 -874758.3125  0.2524 
   00034    0.4330 -876821.0000  0.2527 
   00035    0.4331 -878224.3125  0.2524 
   00036    0.4308 -879854.3125  0.2525 
   00037    0.4312 -880812.3125  0.2521 
   00038    0.4289 -882176.2500  0.2515 
   00039    0.4307 -883431.8750  0.2512 
   00040    0.4289 -884648.4375  0.2514 
   00041    0.4296 -886131.8125  0.2505 
   00042    0.4302 -887056.0000  0.2507 
   00043    0.4290 -888540.6875  0.2505 
   00044    0.4274 -889406.6250  0.2511 
   00045    0.4272 -890241.2500  0.2514 
   00046    0.4290 -891107.9375  0.2515 
   00047    0.4281 -892282.0000  0.2516 
   00048    0.4288 -893341.8750  0.2524 
   00049    0.4266 -894040.2500  0.2532 
   00050    0.4269 -895163.5000  0.2536 
