#=====================================================
# File created:        Wed-08-Nov-2023-at-02-44-04AM
# Size of lattice:     675x675
# Number of MC steps:  50
# Reduced temperature: 0.500
# Run time (s):        530.055612
#=====================================================
# MC step:  Ratio:     Energy:   Order:
#=====================================================
   00000    0.5000 -456192.5938  0.2503 
   00001    0.6798 -677727.3125  0.2507 
   00002    0.6235 -822247.8125  0.2511 
   00003    0.5840 -924738.8125  0.2510 
   00004    0.5567 -1002803.7500  0.2507 
   00005    0.5379 -1065135.6250  0.2511 
   00006    0.5213 -1116036.6250  0.2520 
   00007    0.5091 -1157570.8750  0.2521 
   00008    0.4986 -1192442.1250  0.2527 
   00009    0.4904 -1223765.2500  0.2521 
   00010    0.4828 -1250601.3750  0.2526 
   00011    0.4758 -1272589.3750  0.2530 
   00012    0.4709 -1292423.7500  0.2540 
   00013    0.4675 -1310025.3750  0.2549 
   00014    0.4628 -1324640.2500  0.2555 
   00015    0.4598 -1338104.7500  0.2563 
   00016    0.4559 -1349742.6250  0.2563 
   00017    0.4546 -1359876.2500  0.2571 
   00018    0.4517 -1369206.6250  0.2581 
   00019    0.4505 -1377981.3750  0.2584 
   00020    0.4480 -1385959.7500  0.2589 
   00021    0.4459 -1393139.7500  0.2585 
   00022    0.4456 -1399662.2500  0.2594 
   00023    0.4421 -1405324.1250  0.2596 
   00024    0.4417 -1410643.1250  0.2592 
   00025    0.4405 -1414987.6250  0.2591 
   00026    0.4403 -1420041.1250  0.2586 
   00027    0.4382 -1424121.8750  0.2586 
   00028    0.4381 -1428988.2500  0.2588 
   00029    0.4373 -1433020.0000  0.2591 
   00030    0.4359 -1436573.7500  0.2593 
   00031    0.4356 -1439910.0000  0.2600 
   00032    0.4340 -1442771.1250  0.2595 
   00033    0.4346 -1445936.3750  0.2596 
   00034    0.4328 -1448945.3750  0.2598 
   00035    0.4327 -1451847.5000  0.2599 
   00036    0.4316 -1454869.6250  0.2602 
   00037    0.4311 -1457036.7500  0.2604 
   00038    0.4309 -1458945.2500  0.2609 
   00039    0.4300 -1460604.8750  0.2607 
   00040    0.4305 -1463192.6250  0.2606 
   00041    0.4294 -1464974.6250  0.2605 
   00042    0.4279 -1466195.1250  0.2601 
   00043    0.4285 -1469170.1250  0.2602 
   00044    0.4283 -1470348.2500  0.2600 
   00045    0.4278 -1472487.1250  0.2595 
   00046    0.4268 -1474127.5000  0.2596 
   00047    0.4261 -1475694.3750  0.2596 
   00048    0.4278 -1477395.8750  0.2598 
   00049    0.4258 -1478555.6250  0.2592 
   00050    0.4258 -1480156.1250  0.2593 
