#=====================================================
# File created:        Wed-08-Nov-2023-at-02-37-46AM
# Size of lattice:     375x375
# Number of MC steps:  50
# Reduced temperature: 0.500
# Run time (s):        153.596198
#=====================================================
# MC step:  Ratio:     Energy:   Order:
#=====================================================
   00000    0.5000 -141172.6250  0.2512 
   00001    0.6810 -208636.4375  0.2525 
   00002    0.6238 -253595.9375  0.2521 
   00003    0.5827 -285592.1250  0.2510 
   00004    0.5581 -310450.6875  0.2506 
   00005    0.5369 -329632.6250  0.2504 
   00006    0.5211 -345506.9375  0.2513 
   00007    0.5092 -358097.0312  0.2515 
   00008    0.4975 -369075.4688  0.2516 
   00009    0.4894 -378787.6875  0.2517 
   00010    0.4808 -386626.5625  0.2513 
   00011    0.4751 -393667.5625  0.2503 
   00012    0.4707 -399395.3438  0.2510 
   00013    0.4691 -404192.7812  0.2505 
   00014    0.4658 -408742.8438  0.2504 
   00015    0.4586 -412620.2500  0.2509 
   00016    0.4580 -416265.0312  0.2504 
   00017    0.4558 -419905.7500  0.2508 
   00018    0.4506 -422759.4688  0.2502 
   00019    0.4509 -425418.4375  0.2509 
   00020    0.4486 -427528.3438  0.2506 
   00021    0.4480 -429760.1875  0.2506 
   00022    0.4461 -431606.3125  0.2514 
   00023    0.4436 -433440.0000  0.2514 
   00024    0.4409 -435266.5312  0.2516 
   00025    0.4404 -437111.7812  0.2516 
   00026    0.4404 -438991.9688  0.2509 
   00027    0.4406 -440312.7188  0.2521 
   00028    0.4369 -441828.4688  0.2518 
   00029    0.4357 -442862.0312  0.2521 
   00030    0.4346 -443657.2812  0.2520 
   00031    0.4365 -444750.4688  0.2514 
   00032    0.4321 -445642.1562  0.2516 
   00033    0.4328 -446139.6875  0.2517 
   00034    0.4326 -447253.1875  0.2521 
   00035    0.4338 -447757.9688  0.2526 
   00036    0.4307 -448555.8750  0.2526 
   00037    0.4326 -449056.1562  0.2521 
   00038    0.4315 -449635.0625  0.2534 
   00039    0.4298 -450632.0625  0.2543 
   00040    0.4299 -451270.1875  0.2544 
   00041    0.4277 -451784.3125  0.2554 
   00042    0.4296 -452561.1250  0.2567 
   00043    0.4283 -452850.0000  0.2562 
   00044    0.4315 -454072.9062  0.2559 
   00045    0.4270 -454462.9688  0.2560 
   00046    0.4256 -455002.9375  0.2559 
   00047    0.4261 -455610.1562  0.2563 
   00048    0.4251 -456234.7188  0.2572 
   00049    0.4263 -456944.5312  0.2579 
   00050    0.4248 -457314.6875  0.2580 
