#=====================================================
# File created:        Wed-08-Nov-2023-at-02-45-25AM
# Size of lattice:     750x750
# Number of MC steps:  50
# Reduced temperature: 0.500
# Run time (s):        611.527132
#=====================================================
# MC step:  Ratio:     Energy:   Order:
#=====================================================
   00000    0.5000 -562892.3125  0.2504 
   00001    0.6800 -836044.5625  0.2503 
   00002    0.6224 -1013839.3125  0.2504 
   00003    0.5843 -1141181.3750  0.2502 
   00004    0.5564 -1238161.1250  0.2504 
   00005    0.5361 -1316737.8750  0.2507 
   00006    0.5209 -1379500.5000  0.2510 
   00007    0.5087 -1432945.0000  0.2514 
   00008    0.4984 -1476748.1250  0.2523 
   00009    0.4894 -1513980.6250  0.2521 
   00010    0.4822 -1545836.1250  0.2523 
   00011    0.4766 -1573723.7500  0.2525 
   00012    0.4697 -1598356.1250  0.2526 
   00013    0.4662 -1619691.1250  0.2527 
   00014    0.4625 -1637813.2500  0.2534 
   00015    0.4583 -1654611.5000  0.2541 
   00016    0.4561 -1669221.2500  0.2540 
   00017    0.4542 -1682044.1250  0.2534 
   00018    0.4523 -1693327.7500  0.2540 
   00019    0.4477 -1704820.6250  0.2541 
   00020    0.4463 -1714629.1250  0.2540 
   00021    0.4456 -1722421.5000  0.2546 
   00022    0.4438 -1730286.3750  0.2544 
   00023    0.4423 -1738190.1250  0.2546 
   00024    0.4409 -1744810.6250  0.2548 
   00025    0.4393 -1751280.8750  0.2553 
   00026    0.4374 -1757185.8750  0.2562 
   00027    0.4378 -1762681.5000  0.2563 
   00028    0.4367 -1768277.6250  0.2563 
   00029    0.4368 -1772727.0000  0.2558 
   00030    0.4351 -1777190.5000  0.2557 
   00031    0.4336 -1780674.2500  0.2553 
   00032    0.4337 -1783961.3750  0.2552 
   00033    0.4330 -1786948.6250  0.2550 
   00034    0.4320 -1790371.0000  0.2549 
   00035    0.4321 -1793285.6250  0.2545 
   00036    0.4321 -1796901.7500  0.2542 
   00037    0.4307 -1799228.2500  0.2541 
   00038    0.4310 -1802353.1250  0.2539 
   00039    0.4312 -1804944.5000  0.2537 
   00040    0.4284 -1807799.5000  0.2539 
   00041    0.4289 -1810432.8750  0.2544 
   00042    0.4287 -1812314.0000  0.2544 
   00043    0.4284 -1815178.5000  0.2544 
   00044    0.4287 -1816146.6250  0.2548 
   00045    0.4265 -1818422.8750  0.2543 
   00046    0.4277 -1821033.7500  0.2542 
   00047    0.4264 -1822965.0000  0.2536 
   00048    0.4268 -1825065.5000  0.2536 
   00049    0.4264 -1826646.8750  0.2541 
   00050    0.4252 -1828210.8750  0.2540 
