#=====================================================
# File created:        Wed-08-Nov-2023-at-02-36-48AM
# Size of lattice:     300x300
# Number of MC steps:  50
# Reduced temperature: 0.500
# Run time (s):        96.255771
#=====================================================
# MC step:  Ratio:     Energy:   Order:
#=====================================================
   00000    0.5000  -89313.4609  0.2538 
   00001    0.6796 -133081.8125  0.2578 
   00002    0.6240 -161999.4062  0.2590 
   00003    0.5852 -182627.4375  0.2605 
   00004    0.5565 -198148.9062  0.2610 
   00005    0.5349 -210482.4844  0.2635 
   00006    0.5199 -220628.9844  0.2655 
   00007    0.5091 -228947.9062  0.2659 
   00008    0.4979 -236228.7500  0.2664 
   00009    0.4896 -242451.7031  0.2676 
   00010    0.4830 -247550.3906  0.2689 
   00011    0.4758 -252120.5156  0.2688 
   00012    0.4721 -256081.3906  0.2692 
   00013    0.4662 -259815.6094  0.2703 
   00014    0.4623 -262686.8438  0.2718 
   00015    0.4608 -265349.0000  0.2733 
   00016    0.4546 -267424.3438  0.2736 
   00017    0.4519 -269186.1875  0.2742 
   00018    0.4495 -270940.7188  0.2745 
   00019    0.4479 -272876.1250  0.2750 
   00020    0.4468 -274360.1875  0.2744 
   00021    0.4435 -275779.5312  0.2746 
   00022    0.4435 -276845.2188  0.2767 
   00023    0.4409 -277958.2188  0.2769 
   00024    0.4406 -279131.9062  0.2780 
   00025    0.4387 -279970.0312  0.2771 
   00026    0.4376 -280849.0312  0.2761 
   00027    0.4373 -281906.2812  0.2761 
   00028    0.4381 -283071.4375  0.2763 
   00029    0.4355 -283709.2812  0.2765 
   00030    0.4317 -284405.3750  0.2763 
   00031    0.4331 -284955.7188  0.2762 
   00032    0.4309 -285595.3750  0.2763 
   00033    0.4307 -286215.1875  0.2756 
   00034    0.4319 -286851.0000  0.2752 
   00035    0.4330 -287292.5938  0.2751 
   00036    0.4295 -287814.4375  0.2758 
   00037    0.4294 -288342.6250  0.2759 
   00038    0.4322 -288728.1250  0.2763 
   00039    0.4300 -289078.5000  0.2767 
   00040    0.4302 -289258.6562  0.2763 
   00041    0.4253 -289999.9375  0.2765 
   00042    0.4283 -290320.4062  0.2766 
   00043    0.4317 -290424.5625  0.2769 
   00044    0.4255 -290710.0000  0.2763 
   00045    0.4255 -290884.0000  0.2764 
   00046    0.4273 -291046.6562  0.2768 
   00047    0.4294 -291439.4688  0.2771 
   00048    0.4272 -291786.5000  0.2785 
   00049    0.4289 -292142.4688  0.2790 
   00050    0.4277 -292179.8125  0.2786 
