#=====================================================
# File created:        Wed-08-Nov-2023-at-02-36-05AM
# Size of lattice:     225x225
# Number of MC steps:  50
# Reduced temperature: 0.500
# Run time (s):        54.192244
#=====================================================
# MC step:  Ratio:     Energy:   Order:
#=====================================================
   00000    0.5000  -50477.0977  0.2536 
   00001    0.6803  -75205.4375  0.2542 
   00002    0.6241  -90912.8438  0.2545 
   00003    0.5858 -102547.3047  0.2553 
   00004    0.5557 -111147.4609  0.2561 
   00005    0.5375 -118131.6016  0.2571 
   00006    0.5222 -123702.5156  0.2598 
   00007    0.5096 -128333.1484  0.2596 
   00008    0.4954 -132373.3594  0.2590 
   00009    0.4920 -135590.6562  0.2589 
   00010    0.4781 -138477.8594  0.2589 
   00011    0.4789 -141053.3594  0.2620 
   00012    0.4741 -143221.2969  0.2624 
   00013    0.4705 -145210.1094  0.2634 
   00014    0.4619 -146902.9844  0.2619 
   00015    0.4610 -148513.9375  0.2629 
   00016    0.4572 -149808.5781  0.2634 
   00017    0.4547 -150807.2812  0.2634 
   00018    0.4525 -152031.5938  0.2627 
   00019    0.4473 -153082.3750  0.2630 
   00020    0.4462 -154038.1562  0.2637 
   00021    0.4440 -154674.3750  0.2627 
   00022    0.4488 -155435.8125  0.2615 
   00023    0.4394 -156164.4219  0.2605 
   00024    0.4405 -156782.5312  0.2621 
   00025    0.4399 -157538.6094  0.2629 
   00026    0.4370 -157939.2344  0.2636 
   00027    0.4345 -158534.7344  0.2653 
   00028    0.4366 -158862.7344  0.2659 
   00029    0.4366 -159330.5781  0.2671 
   00030    0.4357 -159625.4062  0.2665 
   00031    0.4358 -160118.1250  0.2673 
   00032    0.4342 -160408.7344  0.2660 
   00033    0.4328 -160730.4219  0.2674 
   00034    0.4291 -161031.4688  0.2674 
   00035    0.4320 -161469.6250  0.2680 
   00036    0.4312 -161667.2812  0.2683 
   00037    0.4319 -162009.0312  0.2688 
   00038    0.4304 -162003.8281  0.2690 
   00039    0.4292 -162337.2656  0.2698 
   00040    0.4262 -162716.7656  0.2681 
   00041    0.4274 -162833.3594  0.2693 
   00042    0.4277 -162885.5312  0.2691 
   00043    0.4314 -163024.6562  0.2683 
   00044    0.4291 -163192.4844  0.2684 
   00045    0.4276 -163399.3594  0.2683 
   00046    0.4325 -163612.5469  0.2683 
   00047    0.4220 -163865.2812  0.2684 
   00048    0.4232 -164218.7031  0.2688 
   00049    0.4285 -164407.2031  0.2684 
   00050    0.4229 -164495.4375  0.2687 
