#=====================================================
# File created:        Wed-08-Nov-2023-at-02-38-55AM
# Size of lattice:     450x450
# Number of MC steps:  50
# Reduced temperature: 0.500
# Run time (s):        222.522822
#=====================================================
# MC step:  Ratio:     Energy:   Order:
#=====================================================
   00000    0.5000 -202207.0312  0.2523 
   00001    0.6788 -301203.0312  0.2516 
   00002    0.6224 -365085.1562  0.2522 
   00003    0.5843 -410641.3750  0.2519 
   00004    0.5581 -445272.2812  0.2520 
   00005    0.5384 -473376.7500  0.2539 
   00006    0.5211 -495607.1875  0.2545 
   00007    0.5096 -514686.8750  0.2549 
   00008    0.4997 -530938.6875  0.2569 
   00009    0.4878 -543560.4375  0.2584 
   00010    0.4833 -555374.1250  0.2588 
   00011    0.4778 -565441.1875  0.2592 
   00012    0.4717 -574761.1875  0.2599 
   00013    0.4679 -582340.0625  0.2600 
   00014    0.4616 -588865.0000  0.2599 
   00015    0.4595 -595105.4375  0.2599 
   00016    0.4549 -600660.5625  0.2602 
   00017    0.4562 -605776.3125  0.2598 
   00018    0.4520 -610112.8750  0.2602 
   00019    0.4489 -613562.0625  0.2599 
   00020    0.4477 -616902.4375  0.2593 
   00021    0.4439 -620163.0625  0.2597 
   00022    0.4436 -623231.3125  0.2595 
   00023    0.4429 -625533.6250  0.2598 
   00024    0.4393 -628111.1875  0.2606 
   00025    0.4394 -630119.9375  0.2613 
   00026    0.4374 -632510.5625  0.2623 
   00027    0.4379 -634266.3125  0.2622 
   00028    0.4370 -636165.0000  0.2627 
   00029    0.4349 -637747.6250  0.2624 
   00030    0.4328 -639261.6875  0.2631 
   00031    0.4333 -640668.3750  0.2630 
   00032    0.4344 -642025.6875  0.2634 
   00033    0.4329 -643257.0000  0.2636 
   00034    0.4329 -644667.6250  0.2639 
   00035    0.4323 -645949.6250  0.2632 
   00036    0.4322 -647057.5000  0.2632 
   00037    0.4304 -648578.8125  0.2629 
   00038    0.4288 -649183.5625  0.2632 
   00039    0.4294 -649985.1875  0.2631 
   00040    0.4294 -650714.1875  0.2634 
   00041    0.4308 -651661.5000  0.2632 
   00042    0.4288 -652852.2500  0.2621 
   00043    0.4290 -653675.4375  0.2623 
   00044    0.4272 -654136.3750  0.2630 
   00045    0.4237 -654888.2500  0.2624 
   00046    0.4275 -655694.8750  0.2621 
   00047    0.4272 -655473.5000  0.2613 
   00048    0.4272 -656388.5625  0.2615 
   00049    0.4282 -657335.0000  0.2623 
   00050    0.4268 -657748.2500  0.2635 
