#=====================================================
# File created:        Wed-08-Nov-2023-at-02-41-42AM
# Size of lattice:     600x600
# Number of MC steps:  50
# Reduced temperature: 0.500
# Run time (s):        388.348315
#=====================================================
# MC step:  Ratio:     Energy:   Order:
#=====================================================
   00000    0.5000 -359168.7812  0.2507 
   00001    0.6810 -534890.2500  0.2517 
   00002    0.6237 -649022.8125  0.2526 
   00003    0.5848 -730330.3750  0.2526 
   00004    0.5569 -791973.4375  0.2528 
   00005    0.5374 -841378.3750  0.2530 
   00006    0.5218 -881793.0000  0.2536 
   00007    0.5088 -915436.1250  0.2539 
   00008    0.4991 -943853.5000  0.2540 
   00009    0.4897 -966889.9375  0.2541 
   00010    0.4819 -987914.9375  0.2537 
   00011    0.4767 -1005748.8750  0.2537 
   00012    0.4718 -1020809.5000  0.2537 
   00013    0.4665 -1034094.6250  0.2533 
   00014    0.4636 -1046180.7500  0.2536 
   00015    0.4604 -1056061.5000  0.2541 
   00016    0.4557 -1065895.6250  0.2544 
   00017    0.4534 -1074457.7500  0.2549 
   00018    0.4512 -1082590.3750  0.2556 
   00019    0.4485 -1089273.2500  0.2556 
   00020    0.4487 -1095277.2500  0.2554 
   00021    0.4472 -1101208.5000  0.2549 
   00022    0.4420 -1106251.1250  0.2545 
   00023    0.4426 -1110871.0000  0.2540 
   00024    0.4410 -1115513.1250  0.2545 
   00025    0.4421 -1119568.2500  0.2545 
   00026    0.4396 -1123080.3750  0.2545 
   00027    0.4384 -1126515.5000  0.2547 
   00028    0.4378 -1129508.1250  0.2551 
   00029    0.4360 -1132576.1250  0.2550 
   00030    0.4360 -1134803.0000  0.2556 
   00031    0.4353 -1137160.7500  0.2559 
   00032    0.4345 -1139639.0000  0.2559 
   00033    0.4340 -1142047.0000  0.2563 
   00034    0.4334 -1144100.0000  0.2559 
   00035    0.4334 -1146658.5000  0.2562 
   00036    0.4315 -1149054.5000  0.2569 
   00037    0.4310 -1150987.1250  0.2568 
   00038    0.4311 -1152701.0000  0.2566 
   00039    0.4294 -1154234.7500  0.2564 
   00040    0.4295 -1156290.8750  0.2566 
   00041    0.4293 -1157583.5000  0.2564 
   00042    0.4279 -1159322.0000  0.2564 
   00043    0.4284 -1160573.3750  0.2567 
   00044    0.4294 -1161699.1250  0.2562 
   00045    0.4284 -1163318.0000  0.2563 
   00046    0.4278 -1163943.7500  0.2555 
   00047    0.4272 -1165080.7500  0.2549 
   00048    0.4278 -1165825.6250  0.2552 
   00049    0.4264 -1167757.8750  0.2551 
   00050    0.4255 -1169171.2500  0.2550 
