#=====================================================
# File created:        Tue-07-Nov-2023-at-04-19-00PM
# Size of lattice:     500x500
# Number of MC steps:  50
# Reduced temperature: 0.500
# Run time (s):        404.359846
# Number of Cores      20
#=====================================================
# MC step:  Ratio:     Energy:   Order:
#=====================================================
   00000    0.5000 -250123.0761  0.2512 
   00001    0.7172 -257676.8915  0.2513 
   00002    0.7109 -265218.6548  0.2512 
   00003    0.7068 -272403.2933  0.2512 
   00004    0.7042 -279214.9569  0.2509 
   00005    0.6995 -285914.0111  0.2508 
   00006    0.6936 -292802.2248  0.2511 
   00007    0.6914 -299519.2652  0.2512 
   00008    0.6874 -305840.8376  0.2510 
   00009    0.6831 -311986.5467  0.2510 
   00010    0.6818 -318127.2758  0.2517 
   00011    0.6763 -324278.8826  0.2517 
   00012    0.6723 -330305.2613  0.2518 
   00013    0.6696 -335961.2941  0.2517 
   00014    0.6672 -341481.7651  0.2518 
   00015    0.6620 -346827.8174  0.2519 
   00016    0.6592 -352117.5216  0.2519 
   00017    0.6560 -357127.1095  0.2520 
   00018    0.6533 -362184.4313  0.2520 
   00019    0.6510 -367254.9214  0.2522 
   00020    0.6489 -371862.3061  0.2519 
   00021    0.6447 -376438.1165  0.2519 
   00022    0.6448 -381253.6734  0.2517 
   00023    0.6406 -385765.7770  0.2515 
   00024    0.6375 -390081.5313  0.2515 
   00025    0.6367 -394466.4334  0.2516 
   00026    0.6329 -398628.0233  0.2516 
   00027    0.6295 -402982.9567  0.2518 
   00028    0.6278 -407001.9368  0.2518 
   00029    0.6260 -411004.4313  0.2517 
   00030    0.6255 -414928.8770  0.2517 
   00031    0.6210 -418833.6744  0.2517 
   00032    0.6204 -422708.4826  0.2517 
   00033    0.6168 -426455.3041  0.2517 
   00034    0.6136 -430099.5539  0.2517 
   00035    0.6134 -433703.9377  0.2518 
   00036    0.6096 -437370.8018  0.2519 
   00037    0.6094 -441047.4905  0.2520 
   00038    0.6054 -444643.4935  0.2517 
   00039    0.6041 -447926.6272  0.2517 
   00040    0.6009 -451190.2478  0.2517 
   00041    0.6034 -454486.7403  0.2518 
   00042    0.6006 -457952.9985  0.2518 
   00043    0.5963 -461227.0071  0.2516 
   00044    0.5957 -464423.3595  0.2516 
   00045    0.5919 -467789.4952  0.2513 
   00046    0.5923 -470829.2460  0.2512 
   00047    0.5900 -473876.8244  0.2510 
   00048    0.5901 -476708.8992  0.2507 
   00049    0.5875 -479464.3565  0.2506 
   00050    0.5854 -482127.6219  0.2507 
