#=====================================================
# File created:        Tue-07-Nov-2023-at-04-11-57PM
# Size of lattice:     500x500
# Number of MC steps:  50
# Reduced temperature: 0.500
# Run time (s):        425.411777
# Number of Cores      15
#=====================================================
# MC step:  Ratio:     Energy:   Order:
#=====================================================
   00000    0.5000 -249272.4056  0.2513 
   00001    0.7150 -259467.2215  0.2511 
   00002    0.7101 -269179.7132  0.2511 
   00003    0.7048 -278559.0325  0.2514 
   00004    0.6977 -287343.6043  0.2516 
   00005    0.6925 -296106.4792  0.2514 
   00006    0.6885 -304552.8760  0.2515 
   00007    0.6834 -312930.5342  0.2515 
   00008    0.6784 -320671.4886  0.2515 
   00009    0.6721 -328423.5753  0.2513 
   00010    0.6692 -335840.1007  0.2515 
   00011    0.6645 -343077.9608  0.2513 
   00012    0.6603 -349992.0379  0.2519 
   00013    0.6585 -356739.5487  0.2515 
   00014    0.6530 -363582.7781  0.2514 
   00015    0.6473 -370070.7050  0.2516 
   00016    0.6451 -376462.5568  0.2515 
   00017    0.6416 -382409.1730  0.2514 
   00018    0.6386 -388264.8528  0.2515 
   00019    0.6346 -393817.5158  0.2518 
   00020    0.6317 -399304.7620  0.2520 
   00021    0.6279 -404929.9815  0.2520 
   00022    0.6250 -410184.1084  0.2523 
   00023    0.6221 -415511.1570  0.2524 
   00024    0.6188 -420497.6794  0.2522 
   00025    0.6171 -425686.5428  0.2520 
   00026    0.6130 -430578.3339  0.2521 
   00027    0.6098 -435315.6385  0.2524 
   00028    0.6068 -439799.1299  0.2523 
   00029    0.6064 -444343.9827  0.2522 
   00030    0.6018 -448543.0628  0.2522 
   00031    0.6010 -453037.3320  0.2523 
   00032    0.5976 -457493.6000  0.2524 
   00033    0.5941 -461853.5016  0.2526 
   00034    0.5931 -465838.6478  0.2525 
   00035    0.5919 -469702.2907  0.2524 
   00036    0.5881 -473534.5120  0.2527 
   00037    0.5866 -477393.9118  0.2527 
   00038    0.5852 -481237.0358  0.2524 
   00039    0.5803 -484827.0159  0.2527 
   00040    0.5798 -488513.2365  0.2531 
   00041    0.5794 -492009.3518  0.2529 
   00042    0.5753 -495696.7903  0.2528 
   00043    0.5762 -499238.8432  0.2528 
   00044    0.5715 -502484.6087  0.2530 
   00045    0.5692 -505801.5966  0.2529 
   00046    0.5681 -509011.2489  0.2530 
   00047    0.5679 -512109.6769  0.2530 
   00048    0.5653 -515227.4623  0.2529 
   00049    0.5635 -518207.3127  0.2530 
   00050    0.5616 -521100.5939  0.2531 
