#=====================================================
# File created:        Tue-07-Nov-2023-at-04-11-54PM
# Size of lattice:     500x500
# Number of MC steps:  50
# Reduced temperature: 0.500
# Run time (s):        550.526217
# Number of Cores      3
#=====================================================
# MC step:  Ratio:     Energy:   Order:
#=====================================================
   00000    0.5000 -250068.5261  0.2517 
   00001    0.7043 -296978.0559  0.2517 
   00002    0.6781 -336623.9230  0.2516 
   00003    0.6574 -371139.8663  0.2520 
   00004    0.6384 -400907.8830  0.2529 
   00005    0.6223 -426667.9566  0.2532 
   00006    0.6081 -449916.9609  0.2533 
   00007    0.5952 -470540.3059  0.2532 
   00008    0.5839 -489328.3242  0.2526 
   00009    0.5753 -505700.2148  0.2523 
   00010    0.5657 -521245.2919  0.2525 
   00011    0.5587 -535805.3418  0.2527 
   00012    0.5497 -549269.2539  0.2525 
   00013    0.5436 -561799.0827  0.2521 
   00014    0.5374 -573378.6695  0.2521 
   00015    0.5310 -584030.0319  0.2522 
   00016    0.5254 -593239.8696  0.2522 
   00017    0.5224 -602367.7297  0.2521 
   00018    0.5132 -611221.1244  0.2527 
   00019    0.5127 -619274.1560  0.2525 
   00020    0.5076 -627338.0515  0.2526 
   00021    0.5042 -634686.8321  0.2529 
   00022    0.5008 -641614.4397  0.2531 
   00023    0.5009 -648239.2461  0.2530 
   00024    0.4977 -654363.8424  0.2531 
   00025    0.4922 -660184.0284  0.2529 
   00026    0.4904 -665579.1563  0.2530 
   00027    0.4883 -670706.3906  0.2537 
   00028    0.4839 -675771.9255  0.2529 
   00029    0.4838 -680405.2584  0.2525 
   00030    0.4812 -684642.6177  0.2525 
   00031    0.4782 -689176.7476  0.2532 
   00032    0.4779 -693449.5884  0.2535 
   00033    0.4742 -697150.1636  0.2531 
   00034    0.4739 -701330.6381  0.2533 
   00035    0.4708 -704836.5907  0.2530 
   00036    0.4706 -707951.8747  0.2530 
   00037    0.4689 -711139.8673  0.2532 
   00038    0.4688 -714093.2188  0.2533 
   00039    0.4662 -717331.8737  0.2533 
   00040    0.4653 -720010.6252  0.2540 
   00041    0.4635 -722820.5192  0.2543 
   00042    0.4633 -725224.5153  0.2543 
   00043    0.4595 -727989.4835  0.2542 
   00044    0.4588 -730245.1674  0.2542 
   00045    0.4587 -732726.4480  0.2546 
   00046    0.4578 -734796.0167  0.2546 
   00047    0.4566 -737323.6022  0.2551 
   00048    0.4568 -739289.2058  0.2555 
   00049    0.4571 -741437.9035  0.2556 
   00050    0.4554 -743327.1978  0.2550 
