#=====================================================
# File created:        Tue-07-Nov-2023-at-04-18-33PM
# Size of lattice:     500x500
# Number of MC steps:  50
# Reduced temperature: 0.500
# Run time (s):        407.575769
# Number of Cores      18
#=====================================================
# MC step:  Ratio:     Energy:   Order:
#=====================================================
   00000    0.5000 -250768.0403  0.2517 
   00001    0.7142 -258863.4651  0.2514 
   00002    0.7096 -266648.5532  0.2517 
   00003    0.7069 -274197.6269  0.2518 
   00004    0.7025 -282012.1755  0.2517 
   00005    0.6976 -289562.2424  0.2518 
   00006    0.6921 -296828.2314  0.2519 
   00007    0.6887 -303756.7025  0.2517 
   00008    0.6836 -310316.7588  0.2518 
   00009    0.6811 -317186.5622  0.2516 
   00010    0.6779 -323488.0528  0.2519 
   00011    0.6717 -329851.5001  0.2520 
   00012    0.6692 -335814.1832  0.2519 
   00013    0.6648 -341554.3110  0.2518 
   00014    0.6592 -347362.0119  0.2521 
   00015    0.6583 -352993.6415  0.2521 
   00016    0.6557 -358493.2468  0.2519 
   00017    0.6515 -364054.7432  0.2522 
   00018    0.6474 -369174.5038  0.2523 
   00019    0.6445 -374064.8689  0.2526 
   00020    0.6425 -378917.2294  0.2522 
   00021    0.6390 -383758.4700  0.2521 
   00022    0.6367 -388639.0781  0.2520 
   00023    0.6344 -393521.5513  0.2521 
   00024    0.6304 -398305.4205  0.2520 
   00025    0.6289 -402838.7654  0.2519 
   00026    0.6255 -407289.0959  0.2520 
   00027    0.6238 -411614.2483  0.2521 
   00028    0.6211 -415940.1071  0.2521 
   00029    0.6184 -420070.5397  0.2523 
   00030    0.6179 -424145.4575  0.2522 
   00031    0.6119 -428216.4731  0.2522 
   00032    0.6102 -432132.0309  0.2522 
   00033    0.6106 -436260.8443  0.2523 
   00034    0.6084 -440101.2853  0.2524 
   00035    0.6042 -443681.2893  0.2524 
   00036    0.6018 -447312.5122  0.2529 
   00037    0.6012 -451032.5414  0.2528 
   00038    0.5979 -454808.7300  0.2528 
   00039    0.5954 -458056.1760  0.2528 
   00040    0.5949 -461326.1438  0.2528 
   00041    0.5910 -464846.7637  0.2528 
   00042    0.5889 -467983.2740  0.2528 
   00043    0.5886 -471142.7629  0.2527 
   00044    0.5846 -474280.0773  0.2529 
   00045    0.5842 -477303.1011  0.2527 
   00046    0.5833 -480310.1112  0.2530 
   00047    0.5822 -483347.0830  0.2531 
   00048    0.5810 -486358.9123  0.2529 
   00049    0.5780 -489152.6471  0.2529 
   00050    0.5749 -492089.2694  0.2530 
