#=====================================================
# File created:        Tue-07-Nov-2023-at-04-11-36PM
# Size of lattice:     500x500
# Number of MC steps:  50
# Reduced temperature: 0.500
# Run time (s):        468.132536
# Number of Cores      9
#=====================================================
# MC step:  Ratio:     Energy:   Order:
#=====================================================
   00000    0.5000 -250047.5685  0.2511 
   00001    0.7133 -266287.2890  0.2512 
   00002    0.7025 -281808.3705  0.2509 
   00003    0.6965 -296486.8241  0.2508 
   00004    0.6850 -310449.5477  0.2508 
   00005    0.6774 -323727.4417  0.2509 
   00006    0.6711 -336255.1350  0.2515 
   00007    0.6631 -347876.9995  0.2516 
   00008    0.6583 -358949.6455  0.2520 
   00009    0.6528 -369543.8584  0.2518 
   00010    0.6439 -379902.7307  0.2521 
   00011    0.6397 -389870.6898  0.2521 
   00012    0.6335 -399040.8699  0.2519 
   00013    0.6284 -407784.6637  0.2517 
   00014    0.6238 -416578.6760  0.2517 
   00015    0.6180 -424737.2201  0.2516 
   00016    0.6127 -432578.2881  0.2518 
   00017    0.6081 -440424.2146  0.2522 
   00018    0.6050 -447644.2621  0.2521 
   00019    0.6000 -455143.9833  0.2519 
   00020    0.5954 -461946.0149  0.2515 
   00021    0.5918 -468764.9206  0.2515 
   00022    0.5860 -475257.6608  0.2511 
   00023    0.5836 -481123.8840  0.2512 
   00024    0.5815 -487286.8917  0.2512 
   00025    0.5792 -493077.4331  0.2511 
   00026    0.5750 -498798.3750  0.2511 
   00027    0.5714 -504600.1874  0.2514 
   00028    0.5678 -509818.4459  0.2514 
   00029    0.5661 -515125.3994  0.2517 
   00030    0.5642 -520085.9077  0.2513 
   00031    0.5620 -525223.0041  0.2511 
   00032    0.5571 -529617.0502  0.2512 
   00033    0.5556 -534550.8869  0.2513 
   00034    0.5524 -538971.2455  0.2514 
   00035    0.5510 -543632.1554  0.2513 
   00036    0.5481 -547886.1646  0.2517 
   00037    0.5444 -552009.3766  0.2514 
   00038    0.5434 -556052.4305  0.2516 
   00039    0.5412 -559879.4543  0.2516 
   00040    0.5396 -563941.4194  0.2515 
   00041    0.5372 -567550.5555  0.2513 
   00042    0.5343 -571241.0450  0.2513 
   00043    0.5333 -574749.7722  0.2515 
   00044    0.5329 -578264.3297  0.2517 
   00045    0.5290 -581759.3894  0.2516 
   00046    0.5274 -585315.0010  0.2516 
   00047    0.5270 -588780.7355  0.2518 
   00048    0.5233 -592171.0779  0.2517 
   00049    0.5223 -595515.2923  0.2516 
   00050    0.5217 -598674.8096  0.2515 
