#=====================================================
# File created:        Tue-07-Nov-2023-at-04-11-16PM
# Size of lattice:     500x500
# Number of MC steps:  50
# Reduced temperature: 0.500
# Run time (s):        421.351500
# Number of Cores      12
#=====================================================
# MC step:  Ratio:     Energy:   Order:
#=====================================================
   00000    0.5000 -247902.3314  0.2518 
   00001    0.7142 -260179.8173  0.2515 
   00002    0.7074 -272108.0427  0.2513 
   00003    0.7002 -283586.2867  0.2513 
   00004    0.6948 -294601.6961  0.2511 
   00005    0.6882 -305484.3968  0.2512 
   00006    0.6816 -315862.2269  0.2514 
   00007    0.6753 -325450.4512  0.2517 
   00008    0.6698 -334813.3715  0.2521 
   00009    0.6650 -343932.6878  0.2521 
   00010    0.6599 -352457.2349  0.2521 
   00011    0.6544 -360619.2741  0.2519 
   00012    0.6496 -368903.0719  0.2521 
   00013    0.6445 -376912.7157  0.2520 
   00014    0.6412 -384372.8644  0.2515 
   00015    0.6374 -391839.5690  0.2515 
   00016    0.6312 -398817.9118  0.2514 
   00017    0.6294 -405959.6362  0.2516 
   00018    0.6240 -412546.8633  0.2513 
   00019    0.6209 -418955.5263  0.2514 
   00020    0.6174 -425393.8468  0.2514 
   00021    0.6133 -430995.1495  0.2517 
   00022    0.6079 -436763.3757  0.2518 
   00023    0.6084 -442366.2100  0.2518 
   00024    0.6030 -447749.8571  0.2516 
   00025    0.6008 -453335.9710  0.2519 
   00026    0.5970 -458603.1296  0.2521 
   00027    0.5943 -463914.9206  0.2521 
   00028    0.5904 -469166.5113  0.2521 
   00029    0.5899 -473997.2381  0.2519 
   00030    0.5865 -478983.0587  0.2519 
   00031    0.5822 -483849.3662  0.2516 
   00032    0.5807 -488503.3995  0.2514 
   00033    0.5788 -493099.1085  0.2517 
   00034    0.5761 -497488.2521  0.2518 
   00035    0.5739 -501684.7154  0.2520 
   00036    0.5706 -505593.2423  0.2522 
   00037    0.5677 -509861.4680  0.2525 
   00038    0.5661 -513790.3183  0.2526 
   00039    0.5629 -517607.2318  0.2524 
   00040    0.5618 -521417.6938  0.2522 
   00041    0.5596 -525034.7861  0.2523 
   00042    0.5564 -528503.5204  0.2522 
   00043    0.5580 -532260.0103  0.2525 
   00044    0.5542 -535751.8542  0.2524 
   00045    0.5527 -539398.9074  0.2523 
   00046    0.5500 -542622.4284  0.2526 
   00047    0.5476 -545793.8393  0.2527 
   00048    0.5461 -549186.5182  0.2529 
   00049    0.5465 -552467.9330  0.2528 
   00050    0.5440 -555483.6429  0.2529 
