#=====================================================
# File created:        Tue-07-Nov-2023-at-04-11-37PM
# Size of lattice:     500x500
# Number of MC steps:  50
# Reduced temperature: 0.500
# Run time (s):        404.600476
# Number of Cores      16
#=====================================================
# MC step:  Ratio:     Energy:   Order:
#=====================================================
   00000    0.5000 -250236.7381  0.2516 
   00001    0.7169 -259988.6438  0.2512 
   00002    0.7098 -268949.5332  0.2511 
   00003    0.7049 -277606.1769  0.2510 
   00004    0.6983 -286097.8356  0.2509 
   00005    0.6934 -294368.6245  0.2512 
   00006    0.6904 -302380.8059  0.2513 
   00007    0.6859 -309946.5602  0.2512 
   00008    0.6802 -317353.9472  0.2516 
   00009    0.6763 -324654.5181  0.2517 
   00010    0.6737 -331912.6243  0.2515 
   00011    0.6676 -338801.5274  0.2518 
   00012    0.6638 -345455.4314  0.2519 
   00013    0.6603 -352036.1603  0.2518 
   00014    0.6562 -358713.1956  0.2519 
   00015    0.6521 -364690.4142  0.2519 
   00016    0.6481 -370439.3412  0.2521 
   00017    0.6459 -376329.6885  0.2522 
   00018    0.6426 -381945.1800  0.2521 
   00019    0.6392 -387793.1983  0.2521 
   00020    0.6343 -393224.2957  0.2522 
   00021    0.6307 -398705.4962  0.2526 
   00022    0.6286 -403862.2204  0.2522 
   00023    0.6266 -408944.6322  0.2524 
   00024    0.6256 -414075.7538  0.2525 
   00025    0.6214 -418926.8486  0.2526 
   00026    0.6171 -423531.2219  0.2528 
   00027    0.6147 -428297.4498  0.2532 
   00028    0.6136 -432609.0417  0.2535 
   00029    0.6102 -437012.1508  0.2535 
   00030    0.6080 -441252.8292  0.2538 
   00031    0.6057 -445447.2577  0.2538 
   00032    0.6023 -449496.3421  0.2538 
   00033    0.6014 -453480.3422  0.2538 
   00034    0.5990 -457558.7323  0.2540 
   00035    0.5971 -461590.0465  0.2543 
   00036    0.5940 -465466.5818  0.2547 
   00037    0.5917 -469241.0713  0.2547 
   00038    0.5889 -472708.5782  0.2543 
   00039    0.5867 -476295.3625  0.2541 
   00040    0.5845 -479874.4989  0.2540 
   00041    0.5834 -483200.2015  0.2539 
   00042    0.5834 -486659.5074  0.2540 
   00043    0.5793 -490092.4935  0.2542 
   00044    0.5776 -493295.6016  0.2544 
   00045    0.5762 -496600.7313  0.2544 
   00046    0.5734 -499620.4362  0.2542 
   00047    0.5713 -502644.6211  0.2542 
   00048    0.5712 -505871.1506  0.2544 
   00049    0.5705 -508953.5421  0.2544 
   00050    0.5676 -511932.6403  0.2544 
