#=====================================================
# File created:        Tue-07-Nov-2023-at-04-11-52PM
# Size of lattice:     500x500
# Number of MC steps:  50
# Reduced temperature: 0.500
# Run time (s):        425.115045
# Number of Cores      14
#=====================================================
# MC step:  Ratio:     Energy:   Order:
#=====================================================
   00000    0.5000 -250336.9405  0.2504 
   00001    0.7146 -260808.5034  0.2505 
   00002    0.7091 -271160.2027  0.2506 
   00003    0.7028 -280773.6617  0.2505 
   00004    0.6977 -290296.4593  0.2509 
   00005    0.6919 -299687.9717  0.2506 
   00006    0.6865 -308571.8433  0.2511 
   00007    0.6805 -317005.6658  0.2512 
   00008    0.6768 -325346.6853  0.2513 
   00009    0.6702 -333591.0692  0.2513 
   00010    0.6673 -341378.1254  0.2514 
   00011    0.6619 -348711.8693  0.2516 
   00012    0.6577 -356171.2759  0.2515 
   00013    0.6540 -363106.9582  0.2514 
   00014    0.6492 -369926.3937  0.2511 
   00015    0.6450 -376326.3630  0.2508 
   00016    0.6411 -382860.9973  0.2509 
   00017    0.6372 -388914.1093  0.2507 
   00018    0.6335 -395194.9746  0.2506 
   00019    0.6324 -401020.3002  0.2508 
   00020    0.6275 -406715.9867  0.2508 
   00021    0.6241 -412487.6671  0.2507 
   00022    0.6208 -417979.3060  0.2512 
   00023    0.6156 -423125.2441  0.2511 
   00024    0.6148 -428512.0935  0.2511 
   00025    0.6108 -433507.9950  0.2515 
   00026    0.6086 -438396.5695  0.2514 
   00027    0.6052 -443373.3339  0.2515 
   00028    0.6030 -448075.5808  0.2513 
   00029    0.6003 -452419.3949  0.2515 
   00030    0.5968 -456838.3431  0.2517 
   00031    0.5972 -461303.9634  0.2518 
   00032    0.5918 -465423.9773  0.2521 
   00033    0.5891 -469799.6381  0.2524 
   00034    0.5876 -473797.5671  0.2524 
   00035    0.5861 -477926.9069  0.2522 
   00036    0.5832 -482048.2512  0.2522 
   00037    0.5804 -486002.3553  0.2522 
   00038    0.5789 -489692.1732  0.2523 
   00039    0.5759 -493333.1347  0.2521 
   00040    0.5740 -496865.8732  0.2523 
   00041    0.5703 -500355.2267  0.2524 
   00042    0.5685 -503659.2617  0.2522 
   00043    0.5676 -507077.0207  0.2522 
   00044    0.5669 -510452.4187  0.2520 
   00045    0.5653 -513891.9091  0.2517 
   00046    0.5624 -516985.9834  0.2518 
   00047    0.5613 -520137.3920  0.2520 
   00048    0.5594 -523423.5688  0.2521 
   00049    0.5596 -526479.6286  0.2521 
   00050    0.5563 -529432.1663  0.2524 
