#=====================================================
# File created:        Tue-07-Nov-2023-at-04-34-35PM
# Size of lattice:     500x500
# Number of MC steps:  50
# Reduced temperature: 0.500
# Run time (s):        470.825620
# Number of Cores      11
#=====================================================
# MC step:  Ratio:     Energy:   Order:
#=====================================================
   00000    0.5000 -250059.0641  0.2513 
   00001    0.7138 -263493.9153  0.2513 
   00002    0.7055 -276400.5450  0.2517 
   00003    0.6999 -288579.7458  0.2514 
   00004    0.6904 -300508.5757  0.2512 
   00005    0.6843 -311730.4898  0.2514 
   00006    0.6784 -322583.7663  0.2506 
   00007    0.6730 -332963.2049  0.2508 
   00008    0.6658 -342767.6686  0.2508 
   00009    0.6597 -352339.5298  0.2507 
   00010    0.6531 -361454.2590  0.2506 
   00011    0.6488 -370070.0453  0.2509 
   00012    0.6437 -378478.2021  0.2507 
   00013    0.6398 -386784.8077  0.2507 
   00014    0.6336 -394498.6448  0.2507 
   00015    0.6308 -402554.1419  0.2503 
   00016    0.6248 -409819.3703  0.2504 
   00017    0.6222 -416853.0000  0.2503 
   00018    0.6186 -423987.5679  0.2504 
   00019    0.6137 -430452.6988  0.2505 
   00020    0.6110 -436865.2135  0.2507 
   00021    0.6057 -443046.3416  0.2507 
   00022    0.6042 -448954.9494  0.2506 
   00023    0.5996 -455050.5625  0.2506 
   00024    0.5966 -460678.1731  0.2504 
   00025    0.5941 -466178.4353  0.2510 
   00026    0.5900 -471809.3537  0.2509 
   00027    0.5865 -477029.0724  0.2510 
   00028    0.5854 -482324.5847  0.2507 
   00029    0.5819 -487552.8035  0.2509 
   00030    0.5784 -492395.8063  0.2507 
   00031    0.5758 -497137.3802  0.2510 
   00032    0.5737 -501602.9114  0.2512 
   00033    0.5709 -506025.3666  0.2512 
   00034    0.5696 -510423.7198  0.2513 
   00035    0.5663 -514526.6122  0.2515 
   00036    0.5628 -518728.1944  0.2514 
   00037    0.5608 -522846.6034  0.2514 
   00038    0.5613 -526771.5215  0.2515 
   00039    0.5581 -530777.7346  0.2513 
   00040    0.5536 -534494.4857  0.2516 
   00041    0.5524 -538099.1668  0.2517 
   00042    0.5500 -541563.2438  0.2515 
   00043    0.5498 -545205.5729  0.2518 
   00044    0.5490 -548686.0629  0.2519 
   00045    0.5466 -552083.7651  0.2523 
   00046    0.5433 -555481.5969  0.2522 
   00047    0.5419 -559054.7130  0.2525 
   00048    0.5405 -562407.3921  0.2526 
   00049    0.5393 -565470.3563  0.2524 
   00050    0.5354 -568479.2393  0.2521 
