#=====================================================
# File created:        Tue-07-Nov-2023-at-04-11-20PM
# Size of lattice:     500x500
# Number of MC steps:  50
# Reduced temperature: 0.500
# Run time (s):        425.816060
# Number of Cores      10
#=====================================================
# MC step:  Ratio:     Energy:   Order:
#=====================================================
   00000    0.5000 -250961.9997  0.2509 
   00001    0.7140 -265993.4977  0.2512 
   00002    0.7035 -280836.4999  0.2513 
   00003    0.6958 -294278.2030  0.2511 
   00004    0.6912 -306982.3719  0.2512 
   00005    0.6816 -319161.3227  0.2514 
   00006    0.6753 -330930.9701  0.2510 
   00007    0.6682 -341892.7629  0.2517 
   00008    0.6595 -352422.6157  0.2515 
   00009    0.6571 -362591.2291  0.2512 
   00010    0.6508 -372644.4390  0.2508 
   00011    0.6446 -381850.4117  0.2506 
   00012    0.6401 -390831.1447  0.2506 
   00013    0.6328 -399331.3015  0.2509 
   00014    0.6296 -407772.6471  0.2509 
   00015    0.6254 -415576.0759  0.2511 
   00016    0.6190 -423159.5097  0.2509 
   00017    0.6153 -430632.7035  0.2507 
   00018    0.6125 -437622.5968  0.2505 
   00019    0.6058 -444353.9753  0.2502 
   00020    0.6047 -451137.5429  0.2504 
   00021    0.5986 -457638.2105  0.2501 
   00022    0.5964 -463730.7015  0.2503 
   00023    0.5930 -469990.7214  0.2504 
   00024    0.5873 -475926.3768  0.2504 
   00025    0.5851 -481670.3348  0.2508 
   00026    0.5831 -487276.0496  0.2507 
   00027    0.5817 -492594.7862  0.2507 
   00028    0.5771 -497919.0603  0.2506 
   00029    0.5726 -502741.5730  0.2504 
   00030    0.5707 -507742.9926  0.2506 
   00031    0.5663 -512711.3109  0.2502 
   00032    0.5668 -517381.2372  0.2505 
   00033    0.5630 -522017.5802  0.2508 
   00034    0.5596 -526606.2419  0.2508 
   00035    0.5584 -531055.1955  0.2509 
   00036    0.5556 -535486.1981  0.2506 
   00037    0.5536 -539713.8782  0.2505 
   00038    0.5496 -543703.6415  0.2506 
   00039    0.5480 -547621.5946  0.2508 
   00040    0.5459 -551412.1436  0.2508 
   00041    0.5472 -555314.4822  0.2508 
   00042    0.5410 -558953.3068  0.2508 
   00043    0.5412 -562365.6100  0.2508 
   00044    0.5368 -565834.3648  0.2507 
   00045    0.5378 -569173.3335  0.2510 
   00046    0.5361 -572634.8410  0.2509 
   00047    0.5348 -575766.9062  0.2509 
   00048    0.5349 -579028.4834  0.2508 
   00049    0.5296 -582155.3701  0.2509 
   00050    0.5289 -585031.4348  0.2508 
