#=====================================================
# File created:        Tue-07-Nov-2023-at-04-11-34PM
# Size of lattice:     500x500
# Number of MC steps:  50
# Reduced temperature: 0.500
# Run time (s):        465.579581
# Number of Cores      8
#=====================================================
# MC step:  Ratio:     Energy:   Order:
#=====================================================
   00000    0.5000 -249433.1881  0.2506 
   00001    0.7149 -268214.8593  0.2512 
   00002    0.7021 -285385.2085  0.2514 
   00003    0.6941 -301372.8394  0.2517 
   00004    0.6836 -316727.7873  0.2519 
   00005    0.6744 -330817.4030  0.2519 
   00006    0.6664 -344487.3483  0.2518 
   00007    0.6585 -357420.0101  0.2516 
   00008    0.6515 -369877.8564  0.2520 
   00009    0.6406 -381006.5862  0.2520 
   00010    0.6376 -392142.9872  0.2518 
   00011    0.6318 -402504.7162  0.2520 
   00012    0.6274 -412535.2260  0.2520 
   00013    0.6181 -421605.4775  0.2519 
   00014    0.6163 -430992.2072  0.2516 
   00015    0.6100 -440203.3386  0.2519 
   00016    0.6056 -448541.8651  0.2519 
   00017    0.5994 -456790.0787  0.2519 
   00018    0.5950 -464427.1273  0.2521 
   00019    0.5890 -472200.9501  0.2525 
   00020    0.5850 -479509.3204  0.2525 
   00021    0.5825 -486386.6647  0.2524 
   00022    0.5772 -492770.0530  0.2525 
   00023    0.5756 -499041.6880  0.2523 
   00024    0.5697 -505321.0989  0.2524 
   00025    0.5666 -511252.8642  0.2521 
   00026    0.5652 -517065.6663  0.2523 
   00027    0.5616 -522948.0515  0.2523 
   00028    0.5591 -528523.4953  0.2525 
   00029    0.5558 -534139.5832  0.2528 
   00030    0.5536 -539133.8866  0.2531 
   00031    0.5511 -544220.6004  0.2536 
   00032    0.5469 -549044.2239  0.2533 
   00033    0.5449 -553808.6989  0.2533 
   00034    0.5439 -558422.8079  0.2534 
   00035    0.5408 -563141.2763  0.2534 
   00036    0.5381 -567323.6627  0.2536 
   00037    0.5364 -571405.4160  0.2533 
   00038    0.5342 -575541.9837  0.2537 
   00039    0.5324 -579443.7109  0.2540 
   00040    0.5308 -583583.6280  0.2543 
   00041    0.5271 -587403.6399  0.2544 
   00042    0.5248 -591090.4702  0.2546 
   00043    0.5224 -594890.3798  0.2548 
   00044    0.5233 -598699.5166  0.2548 
   00045    0.5197 -602359.3795  0.2547 
   00046    0.5184 -605959.8717  0.2548 
   00047    0.5158 -609359.3683  0.2552 
   00048    0.5153 -612505.4696  0.2552 
   00049    0.5147 -615583.4926  0.2551 
   00050    0.5133 -618932.7762  0.2551 
