#=====================================================
# File created:        Tue-07-Nov-2023-at-04-11-23PM
# Size of lattice:     500x500
# Number of MC steps:  50
# Reduced temperature: 0.500
# Run time (s):        454.481989
# Number of Cores      7
#=====================================================
# MC step:  Ratio:     Energy:   Order:
#=====================================================
   00000    0.5000 -250602.7311  0.2519 
   00001    0.7112 -271406.2822  0.2519 
   00002    0.7015 -291541.1368  0.2517 
   00003    0.6882 -309816.8372  0.2511 
   00004    0.6791 -326929.6733  0.2516 
   00005    0.6690 -342336.8587  0.2516 
   00006    0.6611 -357260.4657  0.2516 
   00007    0.6512 -371097.7161  0.2515 
   00008    0.6429 -384577.1567  0.2518 
   00009    0.6374 -396746.1567  0.2522 
   00010    0.6297 -408794.7948  0.2525 
   00011    0.6232 -419599.9177  0.2527 
   00012    0.6153 -430474.2727  0.2525 
   00013    0.6107 -440397.3650  0.2525 
   00014    0.6036 -450316.7291  0.2529 
   00015    0.5998 -459415.6903  0.2526 
   00016    0.5943 -468422.8482  0.2527 
   00017    0.5899 -476588.3320  0.2526 
   00018    0.5840 -484809.6676  0.2521 
   00019    0.5818 -492972.8045  0.2518 
   00020    0.5749 -500691.5656  0.2518 
   00021    0.5716 -507980.8278  0.2516 
   00022    0.5672 -514663.1360  0.2516 
   00023    0.5653 -521149.9191  0.2517 
   00024    0.5611 -527469.6211  0.2515 
   00025    0.5580 -533634.1228  0.2516 
   00026    0.5534 -539512.6250  0.2517 
   00027    0.5509 -545194.4997  0.2517 
   00028    0.5486 -550725.3665  0.2517 
   00029    0.5455 -555954.3565  0.2514 
   00030    0.5423 -561125.8021  0.2512 
   00031    0.5396 -566104.7865  0.2514 
   00032    0.5341 -570900.6319  0.2512 
   00033    0.5348 -575747.7821  0.2514 
   00034    0.5315 -580194.3679  0.2513 
   00035    0.5294 -584716.1607  0.2517 
   00036    0.5284 -589100.2174  0.2518 
   00037    0.5258 -593226.3818  0.2517 
   00038    0.5228 -597330.7502  0.2516 
   00039    0.5215 -601543.3235  0.2517 
   00040    0.5198 -605372.1990  0.2522 
   00041    0.5179 -609167.5943  0.2522 
   00042    0.5160 -612917.5414  0.2524 
   00043    0.5134 -616243.2981  0.2523 
   00044    0.5133 -619592.6982  0.2524 
   00045    0.5105 -623025.9625  0.2525 
   00046    0.5083 -626165.5562  0.2525 
   00047    0.5086 -629372.4409  0.2524 
   00048    0.5056 -632437.1036  0.2525 
   00049    0.5047 -635476.5048  0.2524 
   00050    0.5030 -638603.2170  0.2526 
