#=====================================================
# File created:        Tue-07-Nov-2023-at-04-11-46PM
# Size of lattice:     500x500
# Number of MC steps:  50
# Reduced temperature: 0.500
# Run time (s):        415.005846
# Number of Cores      13
#=====================================================
# MC step:  Ratio:     Energy:   Order:
#=====================================================
   00000    0.5000 -249820.3356  0.2506 
   00001    0.7147 -261207.9335  0.2509 
   00002    0.7056 -272723.3913  0.2509 
   00003    0.7026 -283322.8312  0.2510 
   00004    0.6964 -293579.6211  0.2509 
   00005    0.6886 -303381.4421  0.2511 
   00006    0.6828 -312924.5043  0.2510 
   00007    0.6769 -321840.3807  0.2510 
   00008    0.6739 -330690.9566  0.2511 
   00009    0.6695 -338977.8966  0.2508 
   00010    0.6637 -347402.3002  0.2511 
   00011    0.6578 -355469.7722  0.2510 
   00012    0.6546 -363288.4791  0.2507 
   00013    0.6497 -370781.1475  0.2510 
   00014    0.6448 -378104.7287  0.2514 
   00015    0.6404 -384882.0185  0.2517 
   00016    0.6375 -391272.5299  0.2518 
   00017    0.6339 -397735.9380  0.2518 
   00018    0.6274 -403840.5973  0.2514 
   00019    0.6277 -409996.8376  0.2516 
   00020    0.6218 -415820.8685  0.2517 
   00021    0.6197 -421856.2002  0.2512 
   00022    0.6161 -427372.2100  0.2514 
   00023    0.6142 -433076.9574  0.2513 
   00024    0.6096 -438035.7407  0.2514 
   00025    0.6055 -443317.4183  0.2517 
   00026    0.6043 -448261.3987  0.2515 
   00027    0.6003 -453338.8716  0.2516 
   00028    0.5976 -458120.0084  0.2517 
   00029    0.5974 -462984.8679  0.2517 
   00030    0.5927 -467491.7417  0.2517 
   00031    0.5900 -471942.4386  0.2515 
   00032    0.5875 -476514.5940  0.2515 
   00033    0.5840 -480713.2619  0.2516 
   00034    0.5823 -484645.3781  0.2516 
   00035    0.5784 -488939.1421  0.2514 
   00036    0.5780 -492914.5212  0.2514 
   00037    0.5727 -496851.4621  0.2514 
   00038    0.5723 -500655.8609  0.2514 
   00039    0.5705 -504469.7479  0.2515 
   00040    0.5701 -508080.5294  0.2517 
   00041    0.5669 -511770.1947  0.2517 
   00042    0.5647 -515384.7995  0.2518 
   00043    0.5604 -518777.4567  0.2520 
   00044    0.5621 -522406.5628  0.2520 
   00045    0.5599 -525731.9399  0.2522 
   00046    0.5577 -528955.5989  0.2523 
   00047    0.5542 -532336.1715  0.2523 
   00048    0.5533 -535575.5767  0.2523 
   00049    0.5529 -538726.5266  0.2526 
   00050    0.5488 -541817.0134  0.2526 
