#=====================================================
# File created:        Tue-07-Nov-2023-at-04-11-43PM
# Size of lattice:     500x500
# Number of MC steps:  50
# Reduced temperature: 0.500
# Run time (s):        508.936569
# Number of Cores      4
#=====================================================
# MC step:  Ratio:     Energy:   Order:
#=====================================================
   00000    0.5000 -250215.9107  0.2509 
   00001    0.7082 -286580.8884  0.2508 
   00002    0.6866 -318366.5552  0.2507 
   00003    0.6708 -346282.0368  0.2504 
   00004    0.6547 -371376.9022  0.2503 
   00005    0.6399 -394006.0434  0.2505 
   00006    0.6280 -414685.0004  0.2507 
   00007    0.6172 -433041.9200  0.2509 
   00008    0.6071 -450419.5391  0.2508 
   00009    0.5965 -466597.0141  0.2509 
   00010    0.5880 -481341.2720  0.2510 
   00011    0.5817 -495087.9287  0.2505 
   00012    0.5738 -507641.3846  0.2508 
   00013    0.5670 -519548.6844  0.2505 
   00014    0.5605 -530822.3221  0.2506 
   00015    0.5540 -541191.1983  0.2505 
   00016    0.5491 -551079.9578  0.2501 
   00017    0.5421 -560246.8225  0.2502 
   00018    0.5425 -569179.5225  0.2504 
   00019    0.5355 -577604.5137  0.2505 
   00020    0.5304 -585169.5419  0.2505 
   00021    0.5265 -592922.6715  0.2507 
   00022    0.5229 -599987.0498  0.2508 
   00023    0.5193 -606874.1348  0.2510 
   00024    0.5177 -613089.5826  0.2508 
   00025    0.5126 -619417.6224  0.2512 
   00026    0.5112 -625748.1133  0.2516 
   00027    0.5094 -631707.1674  0.2514 
   00028    0.5042 -637113.5266  0.2512 
   00029    0.4990 -641904.7276  0.2512 
   00030    0.5009 -646870.1355  0.2513 
   00031    0.4959 -651456.4531  0.2512 
   00032    0.4971 -656615.1392  0.2520 
   00033    0.4937 -661072.8344  0.2520 
   00034    0.4901 -665484.7497  0.2523 
   00035    0.4886 -669417.4279  0.2520 
   00036    0.4869 -673144.2464  0.2519 
   00037    0.4833 -676890.5902  0.2520 
   00038    0.4834 -680308.4516  0.2519 
   00039    0.4810 -683822.6146  0.2521 
   00040    0.4816 -687133.7850  0.2525 
   00041    0.4795 -690434.1080  0.2521 
   00042    0.4751 -693243.2963  0.2520 
   00043    0.4756 -695885.7950  0.2520 
   00044    0.4765 -698705.1995  0.2522 
   00045    0.4720 -701730.9739  0.2524 
   00046    0.4712 -704328.6404  0.2521 
   00047    0.4710 -706861.4389  0.2522 
   00048    0.4699 -709587.8293  0.2525 
   00049    0.4691 -711832.1539  0.2524 
   00050    0.4674 -713888.7926  0.2523 
