#=====================================================
# File created:        Tue-07-Nov-2023-at-04-11-42PM
# Size of lattice:     500x500
# Number of MC steps:  50
# Reduced temperature: 0.500
# Run time (s):        476.180867
# Number of Cores      6
#=====================================================
# MC step:  Ratio:     Energy:   Order:
#=====================================================
   00000    0.5000 -248425.8555  0.2515 
   00001    0.7112 -273810.0652  0.2515 
   00002    0.6965 -296695.7478  0.2514 
   00003    0.6851 -317597.5007  0.2517 
   00004    0.6703 -337024.5903  0.2523 
   00005    0.6615 -354608.8398  0.2530 
   00006    0.6518 -370782.4096  0.2531 
   00007    0.6434 -386108.2262  0.2533 
   00008    0.6326 -400337.1583  0.2531 
   00009    0.6239 -413547.7553  0.2535 
   00010    0.6189 -426504.0819  0.2539 
   00011    0.6133 -438172.7979  0.2543 
   00012    0.6037 -449042.0075  0.2544 
   00013    0.5966 -459785.6578  0.2546 
   00014    0.5920 -470091.6454  0.2544 
   00015    0.5868 -479925.7900  0.2546 
   00016    0.5777 -488936.6424  0.2547 
   00017    0.5758 -497412.0323  0.2548 
   00018    0.5726 -505722.8590  0.2543 
   00019    0.5670 -513872.9864  0.2541 
   00020    0.5615 -521651.2548  0.2538 
   00021    0.5586 -528851.1641  0.2540 
   00022    0.5559 -535766.9026  0.2540 
   00023    0.5513 -542863.9427  0.2540 
   00024    0.5476 -549415.1305  0.2539 
   00025    0.5443 -555744.5234  0.2542 
   00026    0.5405 -561537.6083  0.2542 
   00027    0.5414 -567096.8762  0.2544 
   00028    0.5348 -572966.8838  0.2543 
   00029    0.5324 -578361.8039  0.2543 
   00030    0.5294 -583265.1527  0.2541 
   00031    0.5265 -588242.1428  0.2539 
   00032    0.5246 -592986.7491  0.2539 
   00033    0.5223 -598060.0508  0.2542 
   00034    0.5196 -602614.1393  0.2539 
   00035    0.5188 -606856.6798  0.2539 
   00036    0.5143 -611398.3002  0.2539 
   00037    0.5151 -615398.0965  0.2546 
   00038    0.5117 -619146.3568  0.2550 
   00039    0.5090 -622956.6293  0.2549 
   00040    0.5078 -627006.1514  0.2545 
   00041    0.5066 -630983.2011  0.2547 
   00042    0.5037 -634598.8970  0.2544 
   00043    0.5036 -637981.2912  0.2547 
   00044    0.5006 -641492.8610  0.2549 
   00045    0.5003 -644961.3108  0.2548 
   00046    0.4973 -648165.8813  0.2553 
   00047    0.4961 -651115.2821  0.2553 
   00048    0.4972 -654290.0273  0.2552 
   00049    0.4934 -657216.2692  0.2553 
   00050    0.4913 -660226.3943  0.2555 
