#=====================================================
# File created:        Tue-07-Nov-2023-at-04-11-35PM
# Size of lattice:     500x500
# Number of MC steps:  50
# Reduced temperature: 0.500
# Run time (s):        497.548457
# Number of Cores      5
#=====================================================
# MC step:  Ratio:     Energy:   Order:
#=====================================================
   00000    0.5000 -249550.6299  0.2504 
   00001    0.7091 -279282.1932  0.2509 
   00002    0.6938 -305891.9791  0.2511 
   00003    0.6783 -329615.5876  0.2511 
   00004    0.6648 -350833.7683  0.2516 
   00005    0.6539 -370245.4336  0.2519 
   00006    0.6411 -388791.0036  0.2513 
   00007    0.6331 -405763.3041  0.2520 
   00008    0.6227 -421672.1529  0.2518 
   00009    0.6136 -436470.4847  0.2521 
   00010    0.6068 -449676.9671  0.2525 
   00011    0.5988 -462841.4342  0.2526 
   00012    0.5904 -474478.7452  0.2526 
   00013    0.5851 -485682.1229  0.2528 
   00014    0.5788 -496883.7655  0.2523 
   00015    0.5712 -506925.0792  0.2530 
   00016    0.5654 -516417.7514  0.2527 
   00017    0.5614 -525698.7800  0.2525 
   00018    0.5549 -534373.7628  0.2527 
   00019    0.5533 -542810.6321  0.2527 
   00020    0.5482 -550504.7059  0.2531 
   00021    0.5436 -558231.0585  0.2533 
   00022    0.5397 -565589.1287  0.2533 
   00023    0.5364 -572191.9403  0.2537 
   00024    0.5349 -578638.4471  0.2538 
   00025    0.5301 -584748.9832  0.2537 
   00026    0.5277 -590480.4034  0.2532 
   00027    0.5234 -595842.2472  0.2534 
   00028    0.5200 -601671.1110  0.2537 
   00029    0.5176 -607185.6917  0.2539 
   00030    0.5173 -612458.7433  0.2541 
   00031    0.5133 -617430.9246  0.2544 
   00032    0.5104 -622368.5739  0.2538 
   00033    0.5093 -626969.1830  0.2541 
   00034    0.5064 -631191.2299  0.2541 
   00035    0.5045 -635619.6018  0.2541 
   00036    0.5000 -639907.3421  0.2541 
   00037    0.4992 -643656.3086  0.2546 
   00038    0.4977 -647571.9890  0.2546 
   00039    0.4974 -651661.3539  0.2550 
   00040    0.4940 -654990.9048  0.2547 
   00041    0.4923 -658564.1806  0.2547 
   00042    0.4917 -661948.6781  0.2545 
   00043    0.4890 -664994.8124  0.2546 
   00044    0.4877 -668441.8812  0.2547 
   00045    0.4879 -671615.1382  0.2544 
   00046    0.4854 -674667.3960  0.2540 
   00047    0.4831 -677488.7815  0.2541 
   00048    0.4827 -680177.4936  0.2543 
   00049    0.4808 -682770.9078  0.2548 
   00050    0.4799 -685261.2622  0.2546 
