#=====================================================
# File created:        Tue-07-Nov-2023-at-04-19-37PM
# Size of lattice:     500x500
# Number of MC steps:  50
# Reduced temperature: 0.500
# Run time (s):        472.338812
# Number of Cores      17
#=====================================================
# MC step:  Ratio:     Energy:   Order:
#=====================================================
   00000    0.5000 -250324.0617  0.2515 
   00001    0.7151 -259326.7950  0.2515 
   00002    0.7098 -267995.3640  0.2511 
   00003    0.7050 -276178.3926  0.2515 
   00004    0.6989 -284026.6680  0.2514 
   00005    0.6954 -291689.8715  0.2512 
   00006    0.6914 -299184.0472  0.2512 
   00007    0.6870 -306657.3700  0.2512 
   00008    0.6835 -313643.5377  0.2512 
   00009    0.6785 -320661.8500  0.2512 
   00010    0.6735 -327669.4071  0.2510 
   00011    0.6689 -334250.2720  0.2511 
   00012    0.6673 -340603.9636  0.2510 
   00013    0.6612 -346897.5215  0.2510 
   00014    0.6609 -352873.3367  0.2512 
   00015    0.6564 -358669.8277  0.2514 
   00016    0.6512 -364446.7950  0.2514 
   00017    0.6469 -370117.7689  0.2515 
   00018    0.6460 -375417.0399  0.2517 
   00019    0.6436 -380807.5893  0.2519 
   00020    0.6387 -385979.4776  0.2520 
   00021    0.6372 -391360.1002  0.2520 
   00022    0.6333 -396369.5447  0.2521 
   00023    0.6324 -401365.4108  0.2522 
   00024    0.6267 -406144.8035  0.2521 
   00025    0.6246 -410674.5148  0.2520 
   00026    0.6224 -415046.1579  0.2517 
   00027    0.6191 -419636.5793  0.2517 
   00028    0.6161 -424135.4793  0.2515 
   00029    0.6149 -428443.5662  0.2515 
   00030    0.6111 -432676.0964  0.2517 
   00031    0.6106 -436792.4401  0.2519 
   00032    0.6076 -440811.2076  0.2517 
   00033    0.6047 -444708.3153  0.2521 
   00034    0.6019 -448713.1837  0.2520 
   00035    0.6017 -452285.6817  0.2518 
   00036    0.5977 -455718.3734  0.2515 
   00037    0.5955 -459332.0114  0.2516 
   00038    0.5937 -462697.3802  0.2517 
   00039    0.5907 -466326.4832  0.2515 
   00040    0.5890 -469732.6230  0.2514 
   00041    0.5878 -473110.4548  0.2514 
   00042    0.5873 -476383.4646  0.2515 
   00043    0.5855 -479682.0074  0.2514 
   00044    0.5835 -482922.3996  0.2514 
   00045    0.5817 -486133.8545  0.2515 
   00046    0.5774 -489070.1834  0.2516 
   00047    0.5774 -492169.0078  0.2518 
   00048    0.5750 -495406.4775  0.2518 
   00049    0.5743 -498501.7588  0.2517 
   00050    0.5706 -501358.9011  0.2517 
