#=====================================================
# File created:        Tue-07-Nov-2023-at-04-19-01PM
# Size of lattice:     500x500
# Number of MC steps:  50
# Reduced temperature: 0.500
# Run time (s):        406.102674
# Number of Cores      21
#=====================================================
# MC step:  Ratio:     Energy:   Order:
#=====================================================
   00000    0.5000 -249430.6364  0.2555 
   00001    0.7147 -256359.8130  0.2553 
   00002    0.7118 -263248.8406  0.2554 
   00003    0.7089 -270138.3149  0.2553 
   00004    0.7047 -276797.5858  0.2551 
   00005    0.6986 -283060.6344  0.2553 
   00006    0.6969 -289217.8539  0.2552 
   00007    0.6927 -295359.6760  0.2549 
   00008    0.6889 -301310.6817  0.2549 
   00009    0.6840 -306976.5882  0.2549 
   00010    0.6795 -312861.5383  0.2549 
   00011    0.6780 -318453.1771  0.2552 
   00012    0.6756 -323718.7244  0.2553 
   00013    0.6714 -328915.9124  0.2551 
   00014    0.6671 -334249.3582  0.2554 
   00015    0.6658 -339319.8406  0.2555 
   00016    0.6620 -344331.6711  0.2554 
   00017    0.6592 -349239.5666  0.2554 
   00018    0.6564 -353930.7347  0.2554 
   00019    0.6536 -358595.8480  0.2554 
   00020    0.6505 -363115.6835  0.2556 
   00021    0.6470 -367697.7462  0.2555 
   00022    0.6442 -372189.0143  0.2555 
   00023    0.6422 -376452.4591  0.2554 
   00024    0.6394 -380935.3312  0.2556 
   00025    0.6376 -385096.4848  0.2559 
   00026    0.6344 -389440.7981  0.2559 
   00027    0.6320 -393554.8934  0.2557 
   00028    0.6304 -397362.0114  0.2559 
   00029    0.6278 -401249.7945  0.2561 
   00030    0.6260 -405182.0505  0.2562 
   00031    0.6262 -408792.7070  0.2561 
   00032    0.6203 -412555.4333  0.2560 
   00033    0.6205 -416201.0323  0.2559 
   00034    0.6157 -419756.0497  0.2560 
   00035    0.6151 -423344.1663  0.2560 
   00036    0.6124 -426796.0744  0.2561 
   00037    0.6131 -430234.6133  0.2561 
   00038    0.6105 -433580.8407  0.2560 
   00039    0.6066 -436972.9560  0.2562 
   00040    0.6072 -440145.4532  0.2563 
   00041    0.6026 -443335.1098  0.2562 
   00042    0.5997 -446230.3240  0.2562 
   00043    0.5993 -449358.6190  0.2564 
   00044    0.5993 -452397.5896  0.2566 
   00045    0.5970 -455253.2531  0.2566 
   00046    0.5955 -458234.4457  0.2565 
   00047    0.5930 -461178.9641  0.2568 
   00048    0.5917 -464146.9601  0.2566 
   00049    0.5907 -466853.6032  0.2563 
   00050    0.5877 -469513.9267  0.2563 
