#=====================================================
# File created:        Tue-07-Nov-2023-at-04-18-25PM
# Size of lattice:     500x500
# Number of MC steps:  50
# Reduced temperature: 0.500
# Run time (s):        941.315723
# Number of Cores      1
#=====================================================
# MC step:  Ratio:     Energy:   Order:
#=====================================================
   00000    0.5000 -249569.5891  0.2504 
   00001    0.6799 -372199.0142  0.2522 
   00002    0.6226 -450983.8273  0.2534 
   00003    0.5850 -508006.0521  0.2540 
   00004    0.5558 -551086.6171  0.2553 
   00005    0.5395 -585027.7394  0.2556 
   00006    0.5216 -612665.6973  0.2567 
   00007    0.5092 -635611.7657  0.2586 
   00008    0.4973 -655089.1156  0.2596 
   00009    0.4893 -671548.6941  0.2603 
   00010    0.4839 -685950.0380  0.2609 
   00011    0.4755 -697842.2318  0.2617 
   00012    0.4724 -708514.9870  0.2616 
   00013    0.4689 -718146.0856  0.2621 
   00014    0.4637 -726659.8620  0.2624 
   00015    0.4598 -734464.1741  0.2627 
   00016    0.4567 -740848.6705  0.2622 
   00017    0.4534 -746370.7331  0.2629 
   00018    0.4489 -751176.3452  0.2631 
   00019    0.4485 -756290.4841  0.2632 
   00020    0.4480 -760833.4944  0.2639 
   00021    0.4446 -764882.3494  0.2642 
   00022    0.4434 -768700.4537  0.2643 
   00023    0.4417 -772087.9716  0.2644 
   00024    0.4417 -775069.2287  0.2650 
   00025    0.4397 -777988.1177  0.2644 
   00026    0.4388 -780021.4592  0.2653 
   00027    0.4391 -783134.4769  0.2651 
   00028    0.4364 -785173.5367  0.2646 
   00029    0.4372 -787016.4286  0.2640 
   00030    0.4356 -789099.8357  0.2643 
   00031    0.4360 -790650.0492  0.2640 
   00032    0.4349 -792260.5158  0.2647 
   00033    0.4339 -794385.7428  0.2650 
   00034    0.4334 -796244.1727  0.2655 
   00035    0.4313 -797821.0053  0.2654 
   00036    0.4316 -798910.8121  0.2653 
   00037    0.4306 -800127.8595  0.2657 
   00038    0.4316 -801441.7108  0.2655 
   00039    0.4311 -802469.9033  0.2660 
   00040    0.4278 -802984.4554  0.2664 
   00041    0.4276 -804235.7579  0.2670 
   00042    0.4291 -804830.8551  0.2681 
   00043    0.4296 -806062.4474  0.2686 
   00044    0.4280 -806986.8093  0.2679 
   00045    0.4279 -807964.6845  0.2677 
   00046    0.4257 -808742.0463  0.2682 
   00047    0.4268 -809646.9910  0.2686 
   00048    0.4261 -811004.6510  0.2683 
   00049    0.4274 -811317.2325  0.2681 
   00050    0.4262 -812010.2637  0.2688 
