#=====================================================
# File created:        Tue-07-Nov-2023-at-04-15-33PM
# Size of lattice:     500x500
# Number of MC steps:  50
# Reduced temperature: 0.500
# Run time (s):        768.160492
# Number of Cores      2
#=====================================================
# MC step:  Ratio:     Energy:   Order:
#=====================================================
   00000    0.5000 -249578.2420  0.2504 
   00001    0.6987 -317320.7364  0.2506 
   00002    0.6609 -370947.7354  0.2507 
   00003    0.6346 -414258.2012  0.2511 
   00004    0.6116 -449776.9713  0.2509 
   00005    0.5920 -480308.6445  0.2505 
   00006    0.5771 -507047.5640  0.2501 
   00007    0.5631 -529929.5524  0.2506 
   00008    0.5514 -550254.4087  0.2509 
   00009    0.5419 -568711.2921  0.2509 
   00010    0.5329 -585371.2659  0.2510 
   00011    0.5247 -599808.5971  0.2514 
   00012    0.5180 -613401.9479  0.2519 
   00013    0.5107 -625485.8008  0.2520 
   00014    0.5069 -636587.7448  0.2521 
   00015    0.5010 -646332.0562  0.2522 
   00016    0.4968 -655966.8474  0.2523 
   00017    0.4908 -664377.5291  0.2515 
   00018    0.4870 -672079.7899  0.2514 
   00019    0.4838 -678752.7165  0.2514 
   00020    0.4826 -685899.6758  0.2511 
   00021    0.4782 -692139.5436  0.2515 
   00022    0.4747 -698090.1893  0.2516 
   00023    0.4722 -703442.2345  0.2516 
   00024    0.4693 -708088.2410  0.2515 
   00025    0.4672 -712947.3558  0.2523 
   00026    0.4663 -716939.3976  0.2519 
   00027    0.4647 -721397.5923  0.2517 
   00028    0.4634 -725384.4106  0.2517 
   00029    0.4614 -729386.2406  0.2519 
   00030    0.4592 -732995.3850  0.2518 
   00031    0.4580 -736208.1003  0.2519 
   00032    0.4574 -739536.8582  0.2519 
   00033    0.4546 -742371.3993  0.2521 
   00034    0.4538 -745545.2660  0.2525 
   00035    0.4529 -748173.8128  0.2532 
   00036    0.4524 -751066.7881  0.2535 
   00037    0.4504 -753460.8035  0.2537 
   00038    0.4495 -755736.2990  0.2539 
   00039    0.4478 -758140.3789  0.2541 
   00040    0.4470 -760494.9447  0.2538 
   00041    0.4471 -762578.4859  0.2538 
   00042    0.4472 -764677.1801  0.2533 
   00043    0.4467 -766396.0110  0.2533 
   00044    0.4418 -768012.1700  0.2535 
   00045    0.4436 -770048.9419  0.2537 
   00046    0.4412 -771964.6373  0.2535 
   00047    0.4414 -772923.7448  0.2537 
   00048    0.4424 -774161.5893  0.2535 
   00049    0.4425 -775656.5073  0.2534 
   00050    0.4415 -777065.4590  0.2532 
