#=====================================================
# File created:        Tue-07-Nov-2023-at-04-18-54PM
# Size of lattice:     500x500
# Number of MC steps:  50
# Reduced temperature: 0.500
# Run time (s):        398.324123
# Number of Cores      19
#=====================================================
# MC step:  Ratio:     Energy:   Order:
#=====================================================
   00000    0.5000 -250214.1172  0.2511 
   00001    0.7167 -258393.0071  0.2512 
   00002    0.7127 -265987.4321  0.2513 
   00003    0.7070 -273595.2753  0.2516 
   00004    0.7033 -280947.1717  0.2515 
   00005    0.7002 -288257.4735  0.2517 
   00006    0.6935 -295472.5958  0.2520 
   00007    0.6904 -302106.9636  0.2524 
   00008    0.6862 -308447.4101  0.2527 
   00009    0.6824 -315015.6730  0.2527 
   00010    0.6800 -321403.8767  0.2523 
   00011    0.6740 -327660.1585  0.2527 
   00012    0.6724 -333542.5746  0.2528 
   00013    0.6681 -339342.9315  0.2529 
   00014    0.6654 -344772.4552  0.2530 
   00015    0.6611 -350182.5723  0.2532 
   00016    0.6574 -355627.5061  0.2530 
   00017    0.6528 -360840.7645  0.2531 
   00018    0.6526 -365735.7550  0.2530 
   00019    0.6495 -370649.8036  0.2529 
   00020    0.6460 -375706.8852  0.2529 
   00021    0.6434 -380650.2808  0.2531 
   00022    0.6406 -385491.5375  0.2532 
   00023    0.6361 -389898.3464  0.2531 
   00024    0.6341 -394463.6404  0.2531 
   00025    0.6321 -398861.7787  0.2533 
   00026    0.6301 -403102.3561  0.2534 
   00027    0.6251 -407241.3640  0.2532 
   00028    0.6234 -411440.4531  0.2533 
   00029    0.6215 -415520.4625  0.2531 
   00030    0.6202 -419513.0534  0.2533 
   00031    0.6189 -423390.9143  0.2534 
   00032    0.6174 -427355.9791  0.2533 
   00033    0.6131 -431114.3982  0.2530 
   00034    0.6096 -434824.0188  0.2528 
   00035    0.6104 -438513.9373  0.2526 
   00036    0.6057 -442237.4173  0.2527 
   00037    0.6051 -445790.0594  0.2528 
   00038    0.6021 -449396.4240  0.2527 
   00039    0.6017 -452960.3839  0.2526 
   00040    0.5978 -456277.6240  0.2526 
   00041    0.5957 -459611.3183  0.2525 
   00042    0.5954 -462630.5105  0.2523 
   00043    0.5924 -465664.1647  0.2523 
   00044    0.5913 -468814.5745  0.2524 
   00045    0.5903 -472141.0034  0.2525 
   00046    0.5881 -475246.5541  0.2526 
   00047    0.5847 -478301.8805  0.2524 
   00048    0.5847 -481071.8815  0.2526 
   00049    0.5813 -483940.5616  0.2526 
   00050    0.5785 -486945.4902  0.2527 
