#=====================================================
# File created:        Tue-07-Nov-2023-at-08-38-11PM
# Size of lattice:     675x675
# Number of MC steps:  50
# Reduced temperature: 0.500
# Run time (s):        128.459305
#=====================================================
# MC step:  Ratio:     Energy:   Order:
#=====================================================
   00000    0.5000 -456546.3144  0.2517 
   00001    0.6798 -1133869.8289  0.2536 
   00002    0.6232 -1954701.0519  0.2535 
   00003    0.5853 -2877534.2177  0.2539 
   00004    0.5572 -3878960.1040  0.2548 
   00005    0.5381 -4942081.7711  0.2551 
   00006    0.5226 -6056170.1788  0.2553 
   00007    0.5086 -7212748.3278  0.2558 
   00008    0.4997 -8404958.6283  0.2562 
   00009    0.4908 -9627176.8135  0.2567 
   00010    0.4830 -10875750.5460  0.2574 
   00011    0.4767 -12146880.5771  0.2579 
   00012    0.4727 -13437818.6841  0.2580 
   00013    0.4677 -14746138.4885  0.2578 
   00014    0.4645 -16069744.1536  0.2576 
   00015    0.4593 -17406760.2297  0.2575 
   00016    0.4563 -18755771.1537  0.2579 
   00017    0.4542 -20116080.5819  0.2581 
   00018    0.4505 -21485812.8920  0.2583 
   00019    0.4490 -22864305.8452  0.2585 
   00020    0.4472 -24250404.4029  0.2585 
   00021    0.4441 -25643276.0152  0.2586 
   00022    0.4442 -27042489.6583  0.2589 
   00023    0.4438 -28447321.3037  0.2590 
   00024    0.4414 -29857676.3965  0.2591 
   00025    0.4409 -31273513.1104  0.2591 
   00026    0.4408 -32694210.0222  0.2592 
   00027    0.4381 -34119917.8724  0.2594 
   00028    0.4367 -35549165.2729  0.2595 
   00029    0.4364 -36981891.3957  0.2596 
   00030    0.4350 -38418105.5372  0.2600 
   00031    0.4345 -39858282.7303  0.2600 
   00032    0.4353 -41301205.0733  0.2602 
   00033    0.4317 -42746950.2656  0.2603 
   00034    0.4335 -44195506.6428  0.2600 
   00035    0.4323 -45647309.7754  0.2601 
   00036    0.4320 -47102235.2818  0.2598 
   00037    0.4320 -48559765.7962  0.2603 
   00038    0.4317 -50019742.1558  0.2602 
   00039    0.4295 -51481224.8150  0.2606 
   00040    0.4293 -52944259.7279  0.2608 
   00041    0.4299 -54408968.4224  0.2608 
   00042    0.4300 -55875789.5683  0.2608 
   00043    0.4288 -57345128.2820  0.2610 
   00044    0.4275 -58816099.1273  0.2616 
   00045    0.4286 -60288601.1150  0.2615 
   00046    0.4282 -61762276.6009  0.2616 
   00047    0.4272 -63238022.2798  0.2618 
   00048    0.4259 -64715378.3758  0.2614 
   00049    0.4267 -66194664.7141  0.2616 
   00050    0.4270 -67674804.6930  0.2619 
