#=====================================================
# File created:        Tue-07-Nov-2023-at-08-36-17PM
# Size of lattice:     225x225
# Number of MC steps:  50
# Reduced temperature: 0.500
# Run time (s):        14.541808
#=====================================================
# MC step:  Ratio:     Energy:   Order:
#=====================================================
   00000    0.5000  -50698.2995  0.2526 
   00001    0.6789 -126224.0981  0.2531 
   00002    0.6216 -218229.1199  0.2554 
   00003    0.5838 -321305.7664  0.2534 
   00004    0.5585 -433179.7610  0.2535 
   00005    0.5367 -551606.2355  0.2538 
   00006    0.5221 -675770.9025  0.2538 
   00007    0.5097 -804568.0103  0.2534 
   00008    0.5006 -937668.4230  0.2518 
   00009    0.4880 -1073782.7881  0.2535 
   00010    0.4819 -1212760.8038  0.2516 
   00011    0.4758 -1354300.6395  0.2521 
   00012    0.4662 -1498214.9090  0.2509 
   00013    0.4651 -1643727.9729  0.2506 
   00014    0.4692 -1790971.3155  0.2508 
   00015    0.4621 -1939487.0862  0.2515 
   00016    0.4541 -2089099.1046  0.2524 
   00017    0.4532 -2239938.4619  0.2534 
   00018    0.4546 -2391924.0684  0.2527 
   00019    0.4499 -2544769.6120  0.2546 
   00020    0.4456 -2698423.7683  0.2558 
   00021    0.4494 -2852961.3243  0.2563 
   00022    0.4452 -3008049.4968  0.2548 
   00023    0.4445 -3163566.2043  0.2542 
   00024    0.4427 -3319716.3073  0.2551 
   00025    0.4384 -3476492.0382  0.2565 
   00026    0.4408 -3633844.7704  0.2570 
   00027    0.4432 -3791674.5794  0.2573 
   00028    0.4398 -3950143.9451  0.2581 
   00029    0.4386 -4108932.7754  0.2566 
   00030    0.4332 -4268126.9847  0.2552 
   00031    0.4319 -4427871.7352  0.2554 
   00032    0.4338 -4587974.5030  0.2569 
   00033    0.4371 -4748189.4301  0.2570 
   00034    0.4376 -4908543.9286  0.2573 
   00035    0.4367 -5069261.8933  0.2580 
   00036    0.4363 -5230222.9364  0.2565 
   00037    0.4315 -5391554.0134  0.2568 
   00038    0.4323 -5553151.6951  0.2578 
   00039    0.4316 -5715009.3312  0.2587 
   00040    0.4278 -5876786.2780  0.2593 
   00041    0.4265 -6038606.8493  0.2601 
   00042    0.4292 -6200767.3350  0.2598 
   00043    0.4280 -6363339.4731  0.2597 
   00044    0.4288 -6526159.6290  0.2605 
   00045    0.4252 -6689127.7253  0.2597 
   00046    0.4291 -6852350.5489  0.2597 
   00047    0.4260 -7015538.7357  0.2596 
   00048    0.4272 -7178863.0481  0.2590 
   00049    0.4268 -7342485.8981  0.2595 
   00050    0.4229 -7506097.0102  0.2596 
