#=====================================================
# File created:        Tue-07-Nov-2023-at-08-36-05PM
# Size of lattice:     75x75
# Number of MC steps:  50
# Reduced temperature: 0.500
# Run time (s):        1.879187
#=====================================================
# MC step:  Ratio:     Energy:   Order:
#=====================================================
   00000    0.5000   -5532.2116  0.2615 
   00001    0.6869  -13773.2610  0.2670 
   00002    0.6180  -23829.3519  0.2747 
   00003    0.5783  -35132.2026  0.2831 
   00004    0.5636  -47408.5966  0.2865 
   00005    0.5424  -60559.2128  0.2837 
   00006    0.5308  -74369.4591  0.2859 
   00007    0.5065  -88701.4871  0.2919 
   00008    0.4894 -103508.9871  0.2928 
   00009    0.4864 -118713.6882  0.2894 
   00010    0.5033 -134228.5541  0.2894 
   00011    0.4709 -150031.2603  0.2975 
   00012    0.4677 -166097.5747  0.3030 
   00013    0.4594 -182337.3590  0.3041 
   00014    0.4649 -198748.8289  0.3124 
   00015    0.4551 -215416.1926  0.3147 
   00016    0.4596 -232171.6630  0.3131 
   00017    0.4494 -249101.3678  0.3136 
   00018    0.4519 -266074.7506  0.3149 
   00019    0.4411 -283197.7752  0.3162 
   00020    0.4469 -300397.7937  0.3175 
   00021    0.4439 -317720.2436  0.3177 
   00022    0.4231 -335140.0396  0.3174 
   00023    0.4324 -352570.7215  0.3191 
   00024    0.4324 -370101.3678  0.3259 
   00025    0.4455 -387693.1649  0.3267 
   00026    0.4332 -405295.6703  0.3276 
   00027    0.4476 -423008.6443  0.3283 
   00028    0.4484 -440790.8029  0.3265 
   00029    0.4283 -458595.2388  0.3280 
   00030    0.4391 -476503.6245  0.3296 
   00031    0.4375 -494444.1193  0.3308 
   00032    0.4290 -512386.1670  0.3362 
   00033    0.4272 -530364.1513  0.3374 
   00034    0.4391 -548348.7869  0.3409 
   00035    0.4229 -566339.1747  0.3431 
   00036    0.4279 -584323.8589  0.3406 
   00037    0.4245 -602311.0880  0.3366 
   00038    0.4292 -620298.0487  0.3387 
   00039    0.4350 -638341.9108  0.3423 
   00040    0.4304 -656374.0845  0.3499 
   00041    0.4263 -674436.9673  0.3441 
   00042    0.4336 -692566.1863  0.3487 
   00043    0.4315 -710693.5808  0.3480 
   00044    0.4236 -728793.6962  0.3453 
   00045    0.4308 -746974.1766  0.3462 
   00046    0.4245 -765219.1156  0.3450 
   00047    0.4279 -783445.2384  0.3417 
   00048    0.4297 -801702.5725  0.3409 
   00049    0.4304 -820017.4051  0.3456 
   00050    0.4224 -838344.2930  0.3470 
