#=====================================================
# File created:        Tue-07-Nov-2023-at-08-37-00PM
# Size of lattice:     450x450
# Number of MC steps:  50
# Reduced temperature: 0.500
# Run time (s):        57.380929
#=====================================================
# MC step:  Ratio:     Energy:   Order:
#=====================================================
   00000    0.5000 -202705.3417  0.2509 
   00001    0.6831 -503508.6981  0.2520 
   00002    0.6231 -868463.3453  0.2510 
   00003    0.5848 -1279084.9934  0.2513 
   00004    0.5592 -1724610.5510  0.2513 
   00005    0.5385 -2198003.2910  0.2517 
   00006    0.5222 -2693988.7206  0.2521 
   00007    0.5079 -3209151.8081  0.2528 
   00008    0.4989 -3740131.3021  0.2525 
   00009    0.4906 -4284194.7107  0.2529 
   00010    0.4813 -4840045.6912  0.2528 
   00011    0.4783 -5406244.0570  0.2528 
   00012    0.4706 -5980905.9031  0.2534 
   00013    0.4672 -6562732.6943  0.2540 
   00014    0.4650 -7151654.6995  0.2543 
   00015    0.4610 -7746491.9851  0.2557 
   00016    0.4567 -8347093.6670  0.2561 
   00017    0.4536 -8952257.0087  0.2559 
   00018    0.4503 -9561810.1001  0.2566 
   00019    0.4499 -10175354.4520  0.2570 
   00020    0.4482 -10792036.1723  0.2566 
   00021    0.4467 -11412136.7956  0.2559 
   00022    0.4458 -12034801.4436  0.2558 
   00023    0.4433 -12659669.6338  0.2556 
   00024    0.4411 -13287246.8346  0.2552 
   00025    0.4406 -13916717.1573  0.2556 
   00026    0.4411 -14548629.8748  0.2550 
   00027    0.4380 -15182318.8420  0.2547 
   00028    0.4361 -15818092.4071  0.2547 
   00029    0.4368 -16455567.8393  0.2548 
   00030    0.4366 -17094920.5706  0.2550 
   00031    0.4348 -17735501.1938  0.2551 
   00032    0.4325 -18377639.0583  0.2549 
   00033    0.4320 -19021058.3402  0.2551 
   00034    0.4309 -19665805.2804  0.2551 
   00035    0.4330 -20311898.9361  0.2559 
   00036    0.4324 -20959153.3794  0.2559 
   00037    0.4312 -21607305.6162  0.2551 
   00038    0.4297 -22256212.3029  0.2549 
   00039    0.4306 -22905807.7406  0.2552 
   00040    0.4295 -23556637.1496  0.2547 
   00041    0.4288 -24208070.8710  0.2549 
   00042    0.4303 -24860028.3180  0.2551 
   00043    0.4296 -25513024.4484  0.2556 
   00044    0.4284 -26166415.8600  0.2560 
   00045    0.4255 -26820592.0524  0.2567 
   00046    0.4261 -27475497.3558  0.2572 
   00047    0.4268 -28130988.7758  0.2582 
   00048    0.4281 -28786781.6977  0.2590 
   00049    0.4266 -29443008.3165  0.2584 
   00050    0.4259 -30100306.8435  0.2584 
