#=====================================================
# File created:        Tue-07-Nov-2023-at-08-36-28PM
# Size of lattice:     300x300
# Number of MC steps:  50
# Reduced temperature: 0.500
# Run time (s):        25.569561
#=====================================================
# MC step:  Ratio:     Energy:   Order:
#=====================================================
   00000    0.5000  -89301.3579  0.2527 
   00001    0.6788 -222826.3519  0.2544 
   00002    0.6231 -385187.0769  0.2579 
   00003    0.5837 -568353.5643  0.2618 
   00004    0.5590 -767427.7177  0.2613 
   00005    0.5370 -978739.2172  0.2612 
   00006    0.5180 -1199960.9575  0.2617 
   00007    0.5089 -1429668.0682  0.2631 
   00008    0.4972 -1666630.6429  0.2639 
   00009    0.4906 -1909685.5112  0.2654 
   00010    0.4806 -2157472.2482  0.2664 
   00011    0.4759 -2409454.0754  0.2662 
   00012    0.4721 -2665037.7458  0.2662 
   00013    0.4664 -2923648.2999  0.2662 
   00014    0.4633 -3185191.2552  0.2663 
   00015    0.4591 -3449516.7373  0.2656 
   00016    0.4558 -3716091.8802  0.2666 
   00017    0.4526 -3984667.3830  0.2665 
   00018    0.4530 -4255418.0705  0.2667 
   00019    0.4503 -4528003.9480  0.2667 
   00020    0.4482 -4802161.1284  0.2670 
   00021    0.4475 -5077864.6051  0.2689 
   00022    0.4443 -5354742.0049  0.2689 
   00023    0.4423 -5632731.0631  0.2703 
   00024    0.4430 -5911830.7717  0.2702 
   00025    0.4397 -6192181.8316  0.2706 
   00026    0.4382 -6473353.6140  0.2714 
   00027    0.4411 -6754994.0661  0.2734 
   00028    0.4384 -7037391.2462  0.2733 
   00029    0.4377 -7320627.6843  0.2743 
   00030    0.4353 -7604905.4111  0.2757 
   00031    0.4338 -7890058.4232  0.2758 
   00032    0.4318 -8175634.5854  0.2766 
   00033    0.4315 -8461826.2430  0.2768 
   00034    0.4309 -8748330.1631  0.2777 
   00035    0.4312 -9034920.4428  0.2767 
   00036    0.4326 -9321957.9481  0.2767 
   00037    0.4316 -9609318.1739  0.2763 
   00038    0.4311 -9897284.7555  0.2762 
   00039    0.4264 -10185444.3559  0.2777 
   00040    0.4307 -10474018.1124  0.2787 
   00041    0.4302 -10763070.5054  0.2776 
   00042    0.4253 -11052541.9501  0.2783 
   00043    0.4298 -11342459.0135  0.2761 
   00044    0.4282 -11632574.7590  0.2751 
   00045    0.4253 -11923067.3754  0.2746 
   00046    0.4275 -12214061.6138  0.2741 
   00047    0.4244 -12505098.1748  0.2747 
   00048    0.4272 -12796343.7368  0.2751 
   00049    0.4275 -13087952.7442  0.2749 
   00050    0.4277 -13379762.0154  0.2758 
