#=====================================================
# File created:        Tue-07-Nov-2023-at-08-36-10PM
# Size of lattice:     150x150
# Number of MC steps:  50
# Reduced temperature: 0.500
# Run time (s):        7.036336
#=====================================================
# MC step:  Ratio:     Energy:   Order:
#=====================================================
   00000    0.5000  -22373.0592  0.2567 
   00001    0.6812  -55842.7890  0.2576 
   00002    0.6180  -96430.7651  0.2626 
   00003    0.5912 -142123.6162  0.2649 
   00004    0.5505 -191566.9158  0.2691 
   00005    0.5353 -243960.1934  0.2709 
   00006    0.5228 -298770.6600  0.2712 
   00007    0.5116 -355602.2493  0.2710 
   00008    0.4982 -414398.8427  0.2698 
   00009    0.4912 -474520.0604  0.2697 
   00010    0.4788 -535828.7442  0.2710 
   00011    0.4722 -598412.7086  0.2728 
   00012    0.4724 -662010.4134  0.2728 
   00013    0.4667 -726489.3681  0.2749 
   00014    0.4640 -791850.4930  0.2769 
   00015    0.4616 -857939.1681  0.2800 
   00016    0.4520 -924703.0708  0.2816 
   00017    0.4517 -992075.9202  0.2850 
   00018    0.4497 -1059990.2353  0.2872 
   00019    0.4478 -1128229.3222  0.2877 
   00020    0.4489 -1196895.3625  0.2880 
   00021    0.4453 -1265944.8705  0.2882 
   00022    0.4409 -1335244.8265  0.2868 
   00023    0.4408 -1404931.1552  0.2868 
   00024    0.4421 -1474797.7180  0.2880 
   00025    0.4395 -1544899.5930  0.2883 
   00026    0.4332 -1615207.1462  0.2901 
   00027    0.4375 -1685678.7702  0.2887 
   00028    0.4332 -1756506.8181  0.2905 
   00029    0.4296 -1827575.5874  0.2913 
   00030    0.4343 -1898889.2605  0.2928 
   00031    0.4357 -1970425.3057  0.2954 
   00032    0.4328 -2042055.8023  0.2969 
   00033    0.4314 -2113660.4453  0.2997 
   00034    0.4342 -2185433.1192  0.3012 
   00035    0.4348 -2257498.7430  0.3012 
   00036    0.4297 -2329716.1604  0.3008 
   00037    0.4340 -2402110.0544  0.3010 
   00038    0.4250 -2474469.1000  0.3026 
   00039    0.4304 -2546935.5866  0.3044 
   00040    0.4273 -2619540.0334  0.3067 
   00041    0.4308 -2692334.4975  0.3056 
   00042    0.4231 -2765259.3832  0.3048 
   00043    0.4262 -2837999.4535  0.3039 
   00044    0.4286 -2910768.5304  0.3026 
   00045    0.4258 -2983702.3187  0.3031 
   00046    0.4245 -3056603.9745  0.3013 
   00047    0.4238 -3129633.0014  0.2992 
   00048    0.4268 -3202763.7558  0.2982 
   00049    0.4337 -3275890.4942  0.3006 
   00050    0.4198 -3348987.2946  0.3026 
