#=====================================================
# File created:        Tue-07-Nov-2023-at-08-36-43PM
# Size of lattice:     375x375
# Number of MC steps:  50
# Reduced temperature: 0.500
# Run time (s):        39.890657
#=====================================================
# MC step:  Ratio:     Energy:   Order:
#=====================================================
   00000    0.5000 -140758.8921  0.2515 
   00001    0.6789 -349794.2798  0.2523 
   00002    0.6216 -603963.8307  0.2529 
   00003    0.5845 -889523.0984  0.2532 
   00004    0.5576 -1199407.1536  0.2533 
   00005    0.5373 -1528894.6830  0.2531 
   00006    0.5201 -1874330.6978  0.2528 
   00007    0.5064 -2232611.3516  0.2540 
   00008    0.4970 -2601704.7536  0.2537 
   00009    0.4887 -2980369.2156  0.2539 
   00010    0.4817 -3366739.5521  0.2532 
   00011    0.4762 -3759907.1977  0.2523 
   00012    0.4729 -4159430.8112  0.2529 
   00013    0.4679 -4564406.4725  0.2528 
   00014    0.4641 -4973978.5302  0.2531 
   00015    0.4579 -5387657.1438  0.2536 
   00016    0.4553 -5804952.6784  0.2527 
   00017    0.4536 -6225348.6591  0.2528 
   00018    0.4503 -6648686.5158  0.2525 
   00019    0.4498 -7074560.8116  0.2529 
   00020    0.4469 -7503185.7604  0.2527 
   00021    0.4448 -7934031.3569  0.2529 
   00022    0.4430 -8366976.0129  0.2526 
   00023    0.4424 -8801587.8490  0.2526 
   00024    0.4417 -9237798.0605  0.2529 
   00025    0.4380 -9675699.7878  0.2517 
   00026    0.4397 -10115065.5632  0.2514 
   00027    0.4380 -10555872.0743  0.2512 
   00028    0.4339 -10997766.0925  0.2503 
   00029    0.4357 -11440669.7097  0.2514 
   00030    0.4344 -11884509.5455  0.2512 
   00031    0.4335 -12329645.5243  0.2511 
   00032    0.4357 -12776272.0886  0.2505 
   00033    0.4327 -13223609.2814  0.2505 
   00034    0.4328 -13671887.0712  0.2507 
   00035    0.4318 -14120697.2747  0.2502 
   00036    0.4291 -14570092.1114  0.2506 
   00037    0.4288 -15020091.1717  0.2503 
   00038    0.4330 -15471028.5394  0.2507 
   00039    0.4309 -15922424.7989  0.2502 
   00040    0.4304 -16374457.6991  0.2507 
   00041    0.4282 -16827237.0636  0.2507 
   00042    0.4295 -17280620.7727  0.2506 
   00043    0.4284 -17734501.8186  0.2509 
   00044    0.4275 -18188618.2221  0.2505 
   00045    0.4264 -18643445.2310  0.2506 
   00046    0.4275 -19098355.8166  0.2504 
   00047    0.4258 -19553913.8273  0.2505 
   00048    0.4245 -20009777.2850  0.2507 
   00049    0.4260 -20465857.5004  0.2514 
   00050    0.4262 -20922770.9520  0.2519 
