#=====================================================
# File created:        Tue-07-Nov-2023-at-08-37-45PM
# Size of lattice:     600x600
# Number of MC steps:  50
# Reduced temperature: 0.500
# Run time (s):        102.593023
#=====================================================
# MC step:  Ratio:     Energy:   Order:
#=====================================================
   00000    0.5000 -360596.0497  0.2505 
   00001    0.6806 -895841.5450  0.2513 
   00002    0.6226 -1545314.8763  0.2513 
   00003    0.5829 -2275914.1892  0.2521 
   00004    0.5577 -3068674.5824  0.2518 
   00005    0.5375 -3910508.4354  0.2519 
   00006    0.5223 -4791662.1837  0.2524 
   00007    0.5083 -5706120.5373  0.2526 
   00008    0.4981 -6648114.4250  0.2531 
   00009    0.4901 -7614645.5384  0.2531 
   00010    0.4853 -8602079.9958  0.2535 
   00011    0.4784 -9606933.1294  0.2537 
   00012    0.4722 -10626696.5105  0.2540 
   00013    0.4688 -11660488.3690  0.2543 
   00014    0.4628 -12706081.1351  0.2538 
   00015    0.4618 -13761901.8174  0.2532 
   00016    0.4574 -14827298.9856  0.2535 
   00017    0.4543 -15901242.8562  0.2541 
   00018    0.4517 -16982711.4378  0.2535 
   00019    0.4513 -18070398.7641  0.2539 
   00020    0.4482 -19164416.7016  0.2541 
   00021    0.4458 -20263872.5709  0.2546 
   00022    0.4450 -21369345.7162  0.2551 
   00023    0.4430 -22479154.1805  0.2550 
   00024    0.4411 -23593932.7262  0.2557 
   00025    0.4411 -24712164.0697  0.2562 
   00026    0.4390 -25834425.5524  0.2568 
   00027    0.4394 -26960096.0820  0.2568 
   00028    0.4385 -28088960.2626  0.2563 
   00029    0.4366 -29220090.1127  0.2561 
   00030    0.4364 -30354236.4770  0.2562 
   00031    0.4361 -31490979.3923  0.2565 
   00032    0.4337 -32629941.6953  0.2564 
   00033    0.4329 -33771753.5211  0.2567 
   00034    0.4320 -34915605.0492  0.2571 
   00035    0.4335 -36061847.0414  0.2573 
   00036    0.4327 -37210032.7211  0.2572 
   00037    0.4307 -38359959.5759  0.2575 
   00038    0.4316 -39511769.6497  0.2573 
   00039    0.4287 -40665037.2800  0.2580 
   00040    0.4312 -41820164.5794  0.2580 
   00041    0.4298 -42977006.3784  0.2586 
   00042    0.4298 -44135209.9545  0.2590 
   00043    0.4296 -45294988.5362  0.2595 
   00044    0.4286 -46456199.1850  0.2590 
   00045    0.4280 -47618822.9269  0.2592 
   00046    0.4279 -48782722.9736  0.2596 
   00047    0.4281 -49947646.9957  0.2600 
   00048    0.4280 -51113935.6548  0.2600 
   00049    0.4269 -52281156.6568  0.2599 
   00050    0.4257 -53449671.6910  0.2602 
