#=====================================================
# File created:        Tue-07-Nov-2023-at-08-37-22PM
# Size of lattice:     525x525
# Number of MC steps:  50
# Reduced temperature: 0.500
# Run time (s):        79.357751
#=====================================================
# MC step:  Ratio:     Energy:   Order:
#=====================================================
   00000    0.5000 -275434.9755  0.2504 
   00001    0.6788 -684866.5661  0.2517 
   00002    0.6234 -1181500.9153  0.2519 
   00003    0.5850 -1740790.1449  0.2520 
   00004    0.5586 -2347814.1157  0.2516 
   00005    0.5375 -2992571.0860  0.2512 
   00006    0.5205 -3667963.4677  0.2508 
   00007    0.5070 -4368403.7675  0.2510 
   00008    0.4999 -5090324.3148  0.2508 
   00009    0.4895 -5830261.5648  0.2508 
   00010    0.4837 -6585811.5824  0.2511 
   00011    0.4765 -7355135.6614  0.2511 
   00012    0.4726 -8136087.8711  0.2513 
   00013    0.4660 -8927942.2038  0.2513 
   00014    0.4628 -9728450.6187  0.2516 
   00015    0.4604 -10536594.5360  0.2519 
   00016    0.4580 -11352452.5711  0.2518 
   00017    0.4544 -12175149.7733  0.2515 
   00018    0.4532 -13003759.5257  0.2509 
   00019    0.4490 -13836941.2766  0.2501 
   00020    0.4483 -14675060.9425  0.2506 
   00021    0.4453 -15517516.6722  0.2502 
   00022    0.4457 -16364254.5632  0.2504 
   00023    0.4442 -17214614.2688  0.2506 
   00024    0.4429 -18068157.3158  0.2504 
   00025    0.4410 -18924732.1672  0.2511 
   00026    0.4401 -19784466.0093  0.2516 
   00027    0.4378 -20647378.1553  0.2520 
   00028    0.4364 -21512655.7790  0.2518 
   00029    0.4360 -22379895.0060  0.2524 
   00030    0.4366 -23249623.0924  0.2521 
   00031    0.4332 -24121213.7158  0.2531 
   00032    0.4329 -24994646.7398  0.2529 
   00033    0.4339 -25870377.3248  0.2525 
   00034    0.4334 -26747121.0521  0.2532 
   00035    0.4334 -27625072.0429  0.2533 
   00036    0.4309 -28504927.9394  0.2537 
   00037    0.4306 -29385945.3762  0.2540 
   00038    0.4300 -30268354.9477  0.2536 
   00039    0.4303 -31152379.4327  0.2539 
   00040    0.4313 -32037709.5113  0.2541 
   00041    0.4297 -32924355.1990  0.2547 
   00042    0.4285 -33811821.0283  0.2550 
   00043    0.4296 -34700349.3755  0.2547 
   00044    0.4270 -35589506.9347  0.2548 
   00045    0.4296 -36479667.4718  0.2544 
   00046    0.4278 -37371075.1802  0.2546 
   00047    0.4266 -38263248.3026  0.2549 
   00048    0.4276 -39156374.9883  0.2548 
   00049    0.4258 -40050498.4645  0.2551 
   00050    0.4263 -40945679.6161  0.2553 
