#=====================================================
# File created:        Tue-07-Nov-2023-at-08-38-48PM
# Size of lattice:     750x750
# Number of MC steps:  50
# Reduced temperature: 0.500
# Run time (s):        164.708766
#=====================================================
# MC step:  Ratio:     Energy:   Order:
#=====================================================
   00000    0.5000 -562791.5665  0.2514 
   00001    0.6805 -1397944.8872  0.2520 
   00002    0.6226 -2410839.2661  0.2521 
   00003    0.5863 -3550674.5811  0.2520 
   00004    0.5574 -4788171.2191  0.2522 
   00005    0.5381 -6103593.3619  0.2525 
   00006    0.5209 -7481796.1562  0.2529 
   00007    0.5086 -8912193.2729  0.2531 
   00008    0.4987 -10385823.2894  0.2530 
   00009    0.4908 -11896697.9717  0.2535 
   00010    0.4833 -13439346.6478  0.2543 
   00011    0.4784 -15010232.6765  0.2543 
   00012    0.4711 -16604585.5473  0.2542 
   00013    0.4670 -18220101.9532  0.2539 
   00014    0.4637 -19853301.1885  0.2548 
   00015    0.4598 -21503177.7467  0.2552 
   00016    0.4576 -23167803.0578  0.2553 
   00017    0.4548 -24845631.8616  0.2555 
   00018    0.4528 -26534857.6106  0.2558 
   00019    0.4491 -28235471.2525  0.2557 
   00020    0.4469 -29945817.9483  0.2561 
   00021    0.4469 -31665683.1992  0.2564 
   00022    0.4442 -33393775.2454  0.2566 
   00023    0.4433 -35129368.1511  0.2565 
   00024    0.4415 -36871824.0798  0.2568 
   00025    0.4396 -38620398.2234  0.2573 
   00026    0.4393 -40374752.9268  0.2577 
   00027    0.4386 -42135476.3993  0.2569 
   00028    0.4371 -43900796.6955  0.2571 
   00029    0.4368 -45670333.3149  0.2572 
   00030    0.4347 -47444631.2950  0.2573 
   00031    0.4340 -49223647.4031  0.2576 
   00032    0.4345 -51005653.3374  0.2575 
   00033    0.4334 -52791511.8625  0.2581 
   00034    0.4328 -54581182.4388  0.2578 
   00035    0.4316 -56373488.3475  0.2575 
   00036    0.4314 -58169548.8990  0.2578 
   00037    0.4305 -59968778.7492  0.2583 
   00038    0.4307 -61770784.3668  0.2583 
   00039    0.4299 -63574801.0628  0.2589 
   00040    0.4303 -65381533.9696  0.2587 
   00041    0.4291 -67190918.1658  0.2589 
   00042    0.4289 -69002046.5446  0.2587 
   00043    0.4293 -70814955.7258  0.2592 
   00044    0.4281 -72630575.2123  0.2593 
   00045    0.4276 -74448785.8723  0.2594 
   00046    0.4287 -76268800.3352  0.2594 
   00047    0.4269 -78090247.2359  0.2591 
   00048    0.4276 -79913803.4623  0.2589 
   00049    0.4272 -81739431.0040  0.2587 
   00050    0.4263 -83566761.9837  0.2585 
