#=====================================================
# File created:        Tue-07-Nov-2023-at-06-51-04PM
# Size of lattice:     525x525
# Number of MC steps:  50
# Reduced temperature: 0.500
# Run time (s):        18.498685
# Number of Cores      8
#=====================================================
# MC step:  Ratio:     Energy:   Order:
#=====================================================
   00000    0.5000 -276660.4286  0.2514 
   00001    0.7128 -297198.3097  0.2514 
   00002    0.7024 -316740.3388  0.2510 
   00003    0.6925 -334660.3054  0.2517 
   00004    0.6834 -351306.5498  0.2514 
   00005    0.6746 -367103.8680  0.2519 
   00006    0.6666 -382122.2628  0.2518 
   00007    0.6583 -396253.1448  0.2520 
   00008    0.6493 -409691.6873  0.2519 
   00009    0.6428 -422320.0396  0.2520 
   00010    0.6365 -434100.6067  0.2524 
   00011    0.6317 -445300.4702  0.2528 
   00012    0.6236 -456694.0188  0.2529 
   00013    0.6190 -467347.6625  0.2533 
   00014    0.6146 -477457.9800  0.2534 
   00015    0.6075 -487097.5226  0.2530 
   00016    0.6041 -496505.3336  0.2534 
   00017    0.5985 -505371.0114  0.2537 
   00018    0.5951 -513822.4056  0.2538 
   00019    0.5912 -521890.3785  0.2539 
   00020    0.5859 -529475.2340  0.2538 
   00021    0.5839 -536913.2002  0.2539 
   00022    0.5792 -544142.7351  0.2541 
   00023    0.5742 -551390.6507  0.2542 
   00024    0.5715 -558088.6007  0.2543 
   00025    0.5671 -564975.7908  0.2545 
   00026    0.5665 -570975.5777  0.2542 
   00027    0.5627 -577112.9789  0.2539 
   00028    0.5600 -582921.9103  0.2540 
   00029    0.5553 -588761.1526  0.2538 
   00030    0.5525 -594559.6728  0.2538 
   00031    0.5504 -600090.9047  0.2542 
   00032    0.5476 -605337.1530  0.2543 
   00033    0.5461 -610686.3394  0.2544 
   00034    0.5430 -615689.8165  0.2542 
   00035    0.5414 -620476.7872  0.2543 
   00036    0.5381 -625344.5703  0.2542 
   00037    0.5363 -629897.6036  0.2542 
   00038    0.5343 -634450.3015  0.2538 
   00039    0.5332 -638627.9507  0.2540 
   00040    0.5307 -642958.6703  0.2543 
   00041    0.5277 -646825.4229  0.2541 
   00042    0.5269 -650815.4586  0.2542 
   00043    0.5243 -655022.8045  0.2543 
   00044    0.5225 -659037.9448  0.2542 
   00045    0.5207 -662813.9220  0.2541 
   00046    0.5187 -666469.6578  0.2541 
   00047    0.5170 -670069.2691  0.2540 
   00048    0.5164 -673525.9615  0.2536 
   00049    0.5127 -676981.2504  0.2535 
   00050    0.5121 -680343.9629  0.2538 
