#=====================================================
# File created:        Tue-07-Nov-2023-at-06-50-55PM
# Size of lattice:     375x375
# Number of MC steps:  50
# Reduced temperature: 0.500
# Run time (s):        9.264597
# Number of Cores      8
#=====================================================
# MC step:  Ratio:     Energy:   Order:
#=====================================================
   00000    0.5000 -140418.5109  0.2516 
   00001    0.7111 -150881.7365  0.2526 
   00002    0.7023 -160572.5894  0.2533 
   00003    0.6930 -169787.6180  0.2537 
   00004    0.6836 -178453.2219  0.2535 
   00005    0.6754 -186467.8284  0.2541 
   00006    0.6674 -194422.7373  0.2548 
   00007    0.6587 -201542.8827  0.2542 
   00008    0.6503 -208507.7313  0.2543 
   00009    0.6427 -214919.9796  0.2547 
   00010    0.6371 -221015.1966  0.2550 
   00011    0.6314 -226757.8109  0.2550 
   00012    0.6224 -232208.7057  0.2554 
   00013    0.6195 -237591.0760  0.2562 
   00014    0.6140 -242477.9191  0.2566 
   00015    0.6057 -247325.6933  0.2571 
   00016    0.6042 -252171.7472  0.2576 
   00017    0.5988 -256754.6071  0.2575 
   00018    0.5949 -261220.3968  0.2579 
   00019    0.5912 -265369.3418  0.2583 
   00020    0.5870 -269422.3400  0.2583 
   00021    0.5809 -273347.2644  0.2582 
   00022    0.5780 -277050.4814  0.2580 
   00023    0.5754 -280642.5215  0.2581 
   00024    0.5712 -284268.8730  0.2578 
   00025    0.5685 -287722.0984  0.2582 
   00026    0.5635 -290832.6273  0.2582 
   00027    0.5606 -293787.9848  0.2584 
   00028    0.5604 -296840.7517  0.2583 
   00029    0.5559 -299794.3733  0.2584 
   00030    0.5527 -302592.5387  0.2584 
   00031    0.5507 -305164.0307  0.2588 
   00032    0.5492 -307890.8884  0.2587 
   00033    0.5460 -310445.4154  0.2587 
   00034    0.5435 -312990.1285  0.2581 
   00035    0.5403 -315479.0478  0.2579 
   00036    0.5379 -317653.2448  0.2579 
   00037    0.5374 -319857.4398  0.2579 
   00038    0.5364 -322185.3859  0.2583 
   00039    0.5320 -324587.8495  0.2585 
   00040    0.5303 -326785.5734  0.2583 
   00041    0.5260 -328943.0998  0.2583 
   00042    0.5252 -331241.5518  0.2582 
   00043    0.5242 -333322.6125  0.2585 
   00044    0.5207 -335173.5135  0.2579 
   00045    0.5210 -336960.0945  0.2583 
   00046    0.5190 -338782.0229  0.2585 
   00047    0.5159 -340589.6560  0.2584 
   00048    0.5148 -342377.5696  0.2584 
   00049    0.5144 -344135.8336  0.2585 
   00050    0.5111 -346068.0937  0.2585 
