#=====================================================
# File created:        Tue-07-Nov-2023-at-06-50-59PM
# Size of lattice:     450x450
# Number of MC steps:  50
# Reduced temperature: 0.500
# Run time (s):        13.340600
# Number of Cores      8
#=====================================================
# MC step:  Ratio:     Energy:   Order:
#=====================================================
   00000    0.5000 -202161.2876  0.2515 
   00001    0.7145 -217278.0045  0.2516 
   00002    0.7029 -231405.8334  0.2519 
   00003    0.6904 -244818.7520  0.2520 
   00004    0.6844 -257381.4260  0.2520 
   00005    0.6766 -269251.3839  0.2521 
   00006    0.6649 -280158.3884  0.2516 
   00007    0.6582 -290606.3580  0.2513 
   00008    0.6517 -300388.9619  0.2516 
   00009    0.6439 -309473.7558  0.2513 
   00010    0.6393 -318555.7040  0.2510 
   00011    0.6331 -327075.6503  0.2512 
   00012    0.6251 -335614.5093  0.2512 
   00013    0.6191 -343483.9275  0.2518 
   00014    0.6125 -351143.0475  0.2517 
   00015    0.6100 -358329.3413  0.2518 
   00016    0.6036 -365076.8814  0.2519 
   00017    0.5986 -371456.9712  0.2522 
   00018    0.5941 -377581.2891  0.2524 
   00019    0.5889 -383736.9694  0.2519 
   00020    0.5838 -389921.9716  0.2524 
   00021    0.5807 -395544.1646  0.2524 
   00022    0.5783 -401351.7584  0.2525 
   00023    0.5715 -406277.9651  0.2522 
   00024    0.5731 -411344.1845  0.2519 
   00025    0.5670 -415907.8276  0.2519 
   00026    0.5661 -420570.4901  0.2524 
   00027    0.5616 -425024.0178  0.2525 
   00028    0.5594 -429430.0722  0.2521 
   00029    0.5553 -433742.4294  0.2523 
   00030    0.5517 -437879.0340  0.2523 
   00031    0.5505 -441978.0264  0.2524 
   00032    0.5474 -445824.7207  0.2520 
   00033    0.5457 -449713.4465  0.2521 
   00034    0.5428 -453337.9926  0.2525 
   00035    0.5389 -456853.5465  0.2526 
   00036    0.5378 -460058.3976  0.2522 
   00037    0.5360 -463256.0935  0.2525 
   00038    0.5336 -466351.9942  0.2524 
   00039    0.5332 -469747.3316  0.2524 
   00040    0.5286 -472919.6838  0.2522 
   00041    0.5278 -475917.3423  0.2523 
   00042    0.5262 -479040.3584  0.2521 
   00043    0.5231 -481770.5905  0.2522 
   00044    0.5237 -484563.9649  0.2523 
   00045    0.5207 -487051.8057  0.2523 
   00046    0.5205 -489826.1897  0.2523 
   00047    0.5162 -492460.0870  0.2519 
   00048    0.5121 -495053.9439  0.2517 
   00049    0.5135 -497747.5264  0.2518 
   00050    0.5135 -500221.0279  0.2521 
