#=====================================================
# File created:        Tue-07-Nov-2023-at-06-51-26PM
# Size of lattice:     750x750
# Number of MC steps:  50
# Reduced temperature: 0.500
# Run time (s):        40.220060
# Number of Cores      8
#=====================================================
# MC step:  Ratio:     Energy:   Order:
#=====================================================
   00000    0.5000 -561833.2007  0.2513 
   00001    0.7124 -603467.5865  0.2508 
   00002    0.7020 -642875.1566  0.2510 
   00003    0.6927 -679398.3355  0.2515 
   00004    0.6833 -713887.2343  0.2514 
   00005    0.6748 -746362.8564  0.2515 
   00006    0.6677 -776945.1556  0.2517 
   00007    0.6583 -806488.5073  0.2516 
   00008    0.6510 -833974.4236  0.2514 
   00009    0.6444 -860004.2040  0.2513 
   00010    0.6365 -884475.1213  0.2512 
   00011    0.6317 -907745.0666  0.2512 
   00012    0.6256 -930425.9128  0.2511 
   00013    0.6196 -952406.1050  0.2511 
   00014    0.6138 -973036.0731  0.2512 
   00015    0.6087 -992501.2438  0.2515 
   00016    0.6032 -1011092.0002  0.2515 
   00017    0.5990 -1029328.1217  0.2516 
   00018    0.5959 -1047012.0242  0.2515 
   00019    0.5906 -1063411.1413  0.2513 
   00020    0.5876 -1079641.3642  0.2512 
   00021    0.5818 -1094678.2460  0.2514 
   00022    0.5789 -1109195.6133  0.2514 
   00023    0.5759 -1123626.8293  0.2517 
   00024    0.5715 -1138109.2835  0.2518 
   00025    0.5677 -1151281.1133  0.2518 
   00026    0.5658 -1164117.1451  0.2518 
   00027    0.5628 -1176731.9972  0.2518 
   00028    0.5577 -1188870.2321  0.2517 
   00029    0.5558 -1201012.2109  0.2515 
   00030    0.5532 -1212800.5695  0.2516 
   00031    0.5514 -1224594.5918  0.2516 
   00032    0.5475 -1235668.9894  0.2515 
   00033    0.5448 -1246177.7816  0.2515 
   00034    0.5420 -1256533.6811  0.2517 
   00035    0.5391 -1266239.9532  0.2517 
   00036    0.5387 -1275931.2385  0.2518 
   00037    0.5363 -1285567.5168  0.2519 
   00038    0.5325 -1294532.9154  0.2518 
   00039    0.5318 -1303626.8242  0.2519 
   00040    0.5310 -1312429.6560  0.2518 
   00041    0.5275 -1321135.7410  0.2516 
   00042    0.5257 -1329360.9010  0.2517 
   00043    0.5254 -1338058.8322  0.2517 
   00044    0.5222 -1346136.6654  0.2515 
   00045    0.5200 -1353873.2736  0.2514 
   00046    0.5180 -1361693.3825  0.2515 
   00047    0.5175 -1369072.7755  0.2517 
   00048    0.5153 -1376260.0646  0.2517 
   00049    0.5130 -1383605.6305  0.2517 
   00050    0.5112 -1390738.2518  0.2518 
