#=====================================================
# File created:        Tue-07-Nov-2023-at-06-50-49PM
# Size of lattice:     225x225
# Number of MC steps:  50
# Reduced temperature: 0.500
# Run time (s):        3.391028
# Number of Cores      8
#=====================================================
# MC step:  Ratio:     Energy:   Order:
#=====================================================
   00000    0.5000  -50503.1044  0.2519 
   00001    0.7133  -54298.4426  0.2520 
   00002    0.7031  -57889.2683  0.2524 
   00003    0.6923  -61075.0063  0.2528 
   00004    0.6812  -64204.9617  0.2531 
   00005    0.6747  -67306.7904  0.2543 
   00006    0.6670  -70074.3982  0.2545 
   00007    0.6573  -72627.9394  0.2538 
   00008    0.6516  -75109.4819  0.2536 
   00009    0.6440  -77541.4322  0.2526 
   00010    0.6371  -79748.3120  0.2526 
   00011    0.6301  -81881.4360  0.2522 
   00012    0.6236  -83889.6675  0.2527 
   00013    0.6234  -85800.4407  0.2522 
   00014    0.6151  -87753.5528  0.2529 
   00015    0.6046  -89480.7298  0.2520 
   00016    0.6062  -91084.6805  0.2530 
   00017    0.5954  -92804.4293  0.2528 
   00018    0.5959  -94478.6815  0.2536 
   00019    0.5910  -95848.8617  0.2534 
   00020    0.5903  -97324.3421  0.2534 
   00021    0.5805  -98764.2931  0.2528 
   00022    0.5798 -100160.8597  0.2527 
   00023    0.5746 -101443.8153  0.2527 
   00024    0.5714 -102764.2398  0.2525 
   00025    0.5677 -103856.0590  0.2527 
   00026    0.5627 -104973.9310  0.2530 
   00027    0.5589 -106039.5436  0.2518 
   00028    0.5561 -107092.2806  0.2516 
   00029    0.5560 -108084.1218  0.2524 
   00030    0.5537 -109076.5954  0.2526 
   00031    0.5506 -110067.1713  0.2537 
   00032    0.5448 -111099.7058  0.2532 
   00033    0.5468 -112086.7954  0.2535 
   00034    0.5446 -113000.2461  0.2541 
   00035    0.5396 -113985.9037  0.2546 
   00036    0.5328 -114957.4261  0.2548 
   00037    0.5351 -115847.3365  0.2547 
   00038    0.5313 -116626.2669  0.2550 
   00039    0.5313 -117521.8365  0.2547 
   00040    0.5254 -118228.3495  0.2553 
   00041    0.5270 -119031.3750  0.2551 
   00042    0.5251 -119848.0164  0.2553 
   00043    0.5217 -120574.8550  0.2560 
   00044    0.5175 -121179.9840  0.2562 
   00045    0.5198 -121918.4411  0.2562 
   00046    0.5163 -122648.6173  0.2564 
   00047    0.5182 -123269.8113  0.2565 
   00048    0.5166 -123801.5920  0.2569 
   00049    0.5134 -124446.8504  0.2569 
   00050    0.5159 -125091.2341  0.2573 
