#=====================================================
# File created:        Tue-07-Nov-2023-at-06-51-17PM
# Size of lattice:     675x675
# Number of MC steps:  50
# Reduced temperature: 0.500
# Run time (s):        31.750818
# Number of Cores      8
#=====================================================
# MC step:  Ratio:     Energy:   Order:
#=====================================================
   00000    0.5000 -454223.8103  0.2511 
   00001    0.7123 -488174.1152  0.2513 
   00002    0.7017 -520916.5316  0.2513 
   00003    0.6934 -551210.0935  0.2514 
   00004    0.6831 -579652.5842  0.2518 
   00005    0.6731 -606030.2909  0.2519 
   00006    0.6660 -631248.8581  0.2517 
   00007    0.6580 -654889.0270  0.2518 
   00008    0.6520 -677112.7222  0.2517 
   00009    0.6430 -698008.7500  0.2520 
   00010    0.6376 -718238.7092  0.2525 
   00011    0.6313 -737300.4402  0.2524 
   00012    0.6258 -755608.4329  0.2525 
   00013    0.6183 -772749.8307  0.2526 
   00014    0.6136 -789611.8692  0.2530 
   00015    0.6103 -805797.0007  0.2531 
   00016    0.6039 -820732.1561  0.2530 
   00017    0.5987 -835859.8669  0.2533 
   00018    0.5946 -849478.1748  0.2533 
   00019    0.5920 -863147.6692  0.2531 
   00020    0.5862 -875973.0385  0.2532 
   00021    0.5823 -888665.0501  0.2534 
   00022    0.5792 -901116.2662  0.2534 
   00023    0.5749 -912536.6151  0.2531 
   00024    0.5702 -923787.8917  0.2534 
   00025    0.5679 -934711.9998  0.2532 
   00026    0.5653 -944945.8298  0.2533 
   00027    0.5618 -955363.6701  0.2532 
   00028    0.5576 -964970.2559  0.2534 
   00029    0.5560 -974623.1341  0.2536 
   00030    0.5533 -984088.1771  0.2537 
   00031    0.5504 -993249.0395  0.2540 
   00032    0.5469 -1001658.4533  0.2541 
   00033    0.5452 -1010014.9219  0.2541 
   00034    0.5429 -1018043.1735  0.2542 
   00035    0.5396 -1026400.3302  0.2542 
   00036    0.5387 -1034329.9476  0.2542 
   00037    0.5359 -1042412.5297  0.2543 
   00038    0.5354 -1050126.4889  0.2542 
   00039    0.5314 -1057461.4004  0.2542 
   00040    0.5301 -1064284.3706  0.2543 
   00041    0.5269 -1071218.2610  0.2543 
   00042    0.5267 -1078231.7530  0.2541 
   00043    0.5240 -1084407.0291  0.2542 
   00044    0.5214 -1090771.3666  0.2541 
   00045    0.5196 -1097047.7872  0.2541 
   00046    0.5184 -1103311.6736  0.2542 
   00047    0.5178 -1109469.8619  0.2543 
   00048    0.5142 -1115300.4742  0.2543 
   00049    0.5131 -1120855.8663  0.2543 
   00050    0.5125 -1126396.3762  0.2546 
