#=====================================================
# File created:        Tue-07-Nov-2023-at-06-50-51PM
# Size of lattice:     300x300
# Number of MC steps:  50
# Reduced temperature: 0.500
# Run time (s):        6.046648
# Number of Cores      8
#=====================================================
# MC step:  Ratio:     Energy:   Order:
#=====================================================
   00000    0.5000  -89778.6629  0.2506 
   00001    0.7146  -96477.9384  0.2505 
   00002    0.6998 -102785.3050  0.2512 
   00003    0.6930 -108571.8622  0.2509 
   00004    0.6796 -114143.8795  0.2513 
   00005    0.6728 -119187.0905  0.2514 
   00006    0.6649 -123998.1968  0.2519 
   00007    0.6557 -128667.5843  0.2522 
   00008    0.6512 -132867.8896  0.2522 
   00009    0.6459 -136980.7212  0.2517 
   00010    0.6339 -140852.1333  0.2516 
   00011    0.6321 -144763.7096  0.2518 
   00012    0.6239 -148461.5847  0.2518 
   00013    0.6189 -152054.1243  0.2519 
   00014    0.6175 -155564.2783  0.2521 
   00015    0.6103 -158493.4518  0.2531 
   00016    0.6055 -161529.0965  0.2531 
   00017    0.6002 -164366.6816  0.2530 
   00018    0.5931 -167315.9012  0.2520 
   00019    0.5905 -169868.1681  0.2518 
   00020    0.5864 -172558.0724  0.2512 
   00021    0.5831 -175146.4805  0.2509 
   00022    0.5799 -177592.1610  0.2513 
   00023    0.5744 -179671.0881  0.2511 
   00024    0.5703 -181971.7473  0.2512 
   00025    0.5690 -184182.2831  0.2506 
   00026    0.5645 -186262.5159  0.2512 
   00027    0.5630 -188170.6416  0.2520 
   00028    0.5596 -190275.1703  0.2522 
   00029    0.5571 -192136.4324  0.2525 
   00030    0.5567 -193891.3157  0.2524 
   00031    0.5530 -195741.9875  0.2523 
   00032    0.5436 -197202.9067  0.2519 
   00033    0.5416 -198858.4844  0.2520 
   00034    0.5414 -200549.2994  0.2519 
   00035    0.5397 -202048.1116  0.2517 
   00036    0.5387 -203609.9527  0.2513 
   00037    0.5345 -205099.9864  0.2518 
   00038    0.5352 -206460.7999  0.2518 
   00039    0.5323 -207861.7131  0.2521 
   00040    0.5290 -209206.8684  0.2523 
   00041    0.5300 -210565.1791  0.2526 
   00042    0.5268 -212076.0125  0.2527 
   00043    0.5235 -213293.0594  0.2529 
   00044    0.5203 -214474.5709  0.2528 
   00045    0.5213 -215671.3336  0.2532 
   00046    0.5188 -216902.1215  0.2529 
   00047    0.5188 -218092.7558  0.2527 
   00048    0.5182 -219306.7877  0.2525 
   00049    0.5146 -220480.1890  0.2527 
   00050    0.5101 -221653.5072  0.2527 
