#=====================================================
# File created:        Tue-07-Nov-2023-at-06-51-10PM
# Size of lattice:     600x600
# Number of MC steps:  50
# Reduced temperature: 0.500
# Run time (s):        25.113295
# Number of Cores      8
#=====================================================
# MC step:  Ratio:     Energy:   Order:
#=====================================================
   00000    0.5000 -360570.0276  0.2504 
   00001    0.7144 -387696.2954  0.2505 
   00002    0.7028 -412968.3108  0.2507 
   00003    0.6915 -436154.9759  0.2505 
   00004    0.6836 -458551.9810  0.2507 
   00005    0.6747 -479755.7680  0.2503 
   00006    0.6650 -499761.8659  0.2508 
   00007    0.6597 -518235.8592  0.2508 
   00008    0.6516 -535424.7686  0.2508 
   00009    0.6429 -552025.0901  0.2506 
   00010    0.6367 -567906.3958  0.2504 
   00011    0.6301 -583448.9828  0.2502 
   00012    0.6250 -597907.2787  0.2501 
   00013    0.6194 -611808.7619  0.2503 
   00014    0.6138 -625031.4628  0.2503 
   00015    0.6082 -637747.3152  0.2501 
   00016    0.6032 -650042.3376  0.2504 
   00017    0.5990 -661578.7739  0.2501 
   00018    0.5943 -672666.8257  0.2502 
   00019    0.5901 -682893.1450  0.2506 
   00020    0.5857 -693341.1357  0.2505 
   00021    0.5826 -703225.4629  0.2506 
   00022    0.5773 -712991.2332  0.2506 
   00023    0.5747 -721986.4527  0.2509 
   00024    0.5715 -730638.2549  0.2508 
   00025    0.5674 -739163.7925  0.2509 
   00026    0.5649 -747466.9537  0.2512 
   00027    0.5620 -755567.5997  0.2513 
   00028    0.5591 -763344.8945  0.2512 
   00029    0.5561 -770529.8337  0.2516 
   00030    0.5514 -777867.0158  0.2515 
   00031    0.5487 -785168.1133  0.2516 
   00032    0.5487 -792018.3289  0.2517 
   00033    0.5462 -798850.1684  0.2517 
   00034    0.5425 -805593.8584  0.2518 
   00035    0.5408 -812165.5241  0.2519 
   00036    0.5383 -818966.7370  0.2517 
   00037    0.5358 -824727.4682  0.2516 
   00038    0.5332 -830613.5749  0.2516 
   00039    0.5289 -836328.5240  0.2518 
   00040    0.5299 -841868.4012  0.2519 
   00041    0.5280 -847541.5798  0.2516 
   00042    0.5264 -852864.5473  0.2518 
   00043    0.5235 -858160.3709  0.2516 
   00044    0.5222 -863227.4563  0.2513 
   00045    0.5200 -868281.5862  0.2512 
   00046    0.5180 -872877.0906  0.2514 
   00047    0.5164 -877802.8736  0.2513 
   00048    0.5152 -882491.2778  0.2511 
   00049    0.5146 -887288.7736  0.2510 
   00050    0.5131 -891413.4327  0.2512 
