#=====================================================
# File created:        Thu-02-Nov-2023-at-04-29-59PM
# Size of lattice:     200x200
# Number of MC steps:  50
# Reduced temperature: 0.500
# Run time (s):        21.183593
#=====================================================
# MC step:  Ratio:     Energy:   Order:
#=====================================================
   00000    0.5000  -39881.1774  0.2530 
   00001    0.6815  -59834.4233  0.2564 
   00002    0.6224  -72512.7580  0.2569 
   00003    0.5871  -81479.4080  0.2563 
   00004    0.5557  -88064.4616  0.2594 
   00005    0.5327  -93770.7872  0.2591 
   00006    0.5173  -98505.1442  0.2585 
   00007    0.5055 -102069.9818  0.2567 
   00008    0.4990 -105192.1689  0.2565 
   00009    0.4871 -107920.7677  0.2597 
   00010    0.4808 -110145.7874  0.2586 
   00011    0.4769 -112049.3698  0.2583 
   00012    0.4721 -113942.3092  0.2585 
   00013    0.4650 -115491.5331  0.2594 
   00014    0.4630 -116547.1108  0.2608 
   00015    0.4573 -117806.5850  0.2618 
   00016    0.4551 -118816.9687  0.2617 
   00017    0.4534 -119849.6354  0.2616 
   00018    0.4509 -120700.7334  0.2613 
   00019    0.4457 -121577.1066  0.2626 
   00020    0.4468 -122146.9333  0.2618 
   00021    0.4437 -122679.7613  0.2617 
   00022    0.4450 -123195.4326  0.2610 
   00023    0.4432 -123887.7068  0.2620 
   00024    0.4438 -124379.4542  0.2626 
   00025    0.4400 -124938.5424  0.2644 
   00026    0.4356 -125371.2864  0.2645 
   00027    0.4389 -125689.8549  0.2633 
   00028    0.4361 -126003.7913  0.2620 
   00029    0.4370 -126107.0340  0.2627 
   00030    0.4363 -126619.5738  0.2629 
   00031    0.4320 -126863.8318  0.2628 
   00032    0.4332 -127035.9155  0.2624 
   00033    0.4296 -127264.1761  0.2612 
   00034    0.4357 -127542.9703  0.2612 
   00035    0.4300 -127704.3284  0.2627 
   00036    0.4336 -127903.8293  0.2654 
   00037    0.4294 -128088.6496  0.2658 
   00038    0.4299 -128125.4944  0.2651 
   00039    0.4330 -128479.7028  0.2664 
   00040    0.4311 -128591.2634  0.2671 
   00041    0.4306 -128883.8524  0.2668 
   00042    0.4271 -129085.5587  0.2667 
   00043    0.4247 -129370.4691  0.2690 
   00044    0.4274 -129484.6976  0.2693 
   00045    0.4243 -129384.8929  0.2693 
   00046    0.4281 -129478.2086  0.2695 
   00047    0.4264 -129605.9467  0.2680 
   00048    0.4261 -129829.0403  0.2695 
   00049    0.4258 -129815.1895  0.2705 
   00050    0.4279 -129690.1700  0.2697 
