#=====================================================
# File created:        Wed-25-Oct-2023-at-03-59-52PM
# Size of lattice:     200x200
# Number of MC steps:  50
# Reduced temperature: 0.500
# Run time (s):        210.279718
#=====================================================
# MC step:  Ratio:     Energy:   Order:
#=====================================================
   00000    0.5000  -40050.5031  0.2544 
   00001    0.6815  -59613.2131  0.2542 
   00002    0.6252  -72425.7618  0.2540 
   00003    0.5851  -81484.7072  0.2549 
   00004    0.5555  -88268.1424  0.2567 
   00005    0.5348  -93950.6310  0.2550 
   00006    0.5223  -98325.1321  0.2570 
   00007    0.5108 -101997.4925  0.2596 
   00008    0.4988 -104925.2393  0.2628 
   00009    0.4914 -107610.9253  0.2629 
   00010    0.4839 -109738.3374  0.2629 
   00011    0.4752 -111799.6259  0.2600 
   00012    0.4719 -113566.1757  0.2622 
   00013    0.4648 -115163.9439  0.2632 
   00014    0.4659 -116379.0964  0.2640 
   00015    0.4580 -117468.1199  0.2651 
   00016    0.4560 -118501.5888  0.2673 
   00017    0.4507 -119256.4560  0.2676 
   00018    0.4512 -120499.6925  0.2663 
   00019    0.4440 -121162.6562  0.2678 
   00020    0.4461 -121781.1930  0.2693 
   00021    0.4438 -122514.3941  0.2696 
   00022    0.4415 -123133.7106  0.2688 
   00023    0.4429 -123625.6738  0.2697 
   00024    0.4401 -124134.8143  0.2711 
   00025    0.4404 -124389.4480  0.2712 
   00026    0.4420 -124880.4354  0.2694 
   00027    0.4385 -125032.1080  0.2701 
   00028    0.4354 -125495.0544  0.2691 
   00029    0.4361 -125811.0949  0.2706 
   00030    0.4376 -126108.7663  0.2692 
   00031    0.4351 -126359.7962  0.2701 
   00032    0.4361 -126630.9407  0.2711 
   00033    0.4329 -126965.1342  0.2709 
   00034    0.4354 -127204.0952  0.2714 
   00035    0.4314 -127431.1773  0.2720 
   00036    0.4349 -127478.4863  0.2714 
   00037    0.4299 -127748.7700  0.2735 
   00038    0.4341 -128029.9388  0.2739 
   00039    0.4314 -128339.0064  0.2729 
   00040    0.4260 -128559.0890  0.2725 
   00041    0.4303 -128898.0823  0.2719 
   00042    0.4291 -128899.2634  0.2717 
   00043    0.4251 -128948.7963  0.2726 
   00044    0.4273 -129243.7168  0.2717 
   00045    0.4274 -129300.4145  0.2712 
   00046    0.4259 -129409.4236  0.2717 
   00047    0.4291 -129517.6161  0.2713 
   00048    0.4284 -129683.4893  0.2697 
   00049    0.4289 -129721.6130  0.2686 
   00050    0.4236 -129789.8771  0.2690 
