#=====================================================
# File created:        Tue-07-Nov-2023-at-11-03-25PM
# Size of lattice:     225x225
# Number of MC steps:  50
# Reduced temperature: 0.500
# Run time (s):        14.590143
#=====================================================
# MC step:  Ratio:     Energy:   Order:
#=====================================================
   00000    0.5000  -50916.1207  0.2561 
   00001    0.6823  -75392.6384  0.2523 
   00002    0.6240  -91811.5426  0.2534 
   00003    0.5816 -102884.2429  0.2570 
   00004    0.5545 -111479.3817  0.2580 
   00005    0.5304 -118486.5608  0.2565 
   00006    0.5212 -124328.6778  0.2584 
   00007    0.5075 -128845.2179  0.2567 
   00008    0.4970 -132771.1133  0.2578 
   00009    0.4910 -135950.8404  0.2580 
   00010    0.4886 -138940.3555  0.2576 
   00011    0.4723 -141567.7368  0.2579 
   00012    0.4726 -143725.5388  0.2592 
   00013    0.4664 -145341.2893  0.2588 
   00014    0.4662 -146982.2039  0.2592 
   00015    0.4592 -148464.0719  0.2596 
   00016    0.4547 -150058.0644  0.2589 
   00017    0.4565 -151408.3643  0.2601 
   00018    0.4517 -152471.9403  0.2600 
   00019    0.4488 -153414.9667  0.2606 
   00020    0.4460 -154350.2966  0.2614 
   00021    0.4433 -155324.3146  0.2618 
   00022    0.4402 -155965.7020  0.2613 
   00023    0.4433 -156854.8847  0.2613 
   00024    0.4421 -157410.9259  0.2621 
   00025    0.4414 -157738.2943  0.2604 
   00026    0.4379 -158237.6119  0.2603 
   00027    0.4354 -158886.6978  0.2624 
   00028    0.4335 -159235.7581  0.2632 
   00029    0.4365 -159568.0422  0.2620 
   00030    0.4364 -160071.7585  0.2630 
   00031    0.4328 -160555.1007  0.2625 
   00032    0.4352 -160743.3413  0.2620 
   00033    0.4338 -161134.8062  0.2610 
   00034    0.4332 -161496.4366  0.2613 
   00035    0.4309 -161500.1577  0.2618 
   00036    0.4343 -161834.6011  0.2626 
   00037    0.4298 -162104.9515  0.2627 
   00038    0.4334 -162386.4381  0.2626 
   00039    0.4316 -162704.3478  0.2633 
   00040    0.4332 -162820.1052  0.2649 
   00041    0.4305 -162972.5501  0.2653 
   00042    0.4302 -163279.2468  0.2652 
   00043    0.4312 -163431.5395  0.2669 
   00044    0.4257 -163559.4199  0.2671 
   00045    0.4222 -163744.4713  0.2678 
   00046    0.4240 -163827.2705  0.2682 
   00047    0.4251 -164093.3892  0.2689 
   00048    0.4252 -164004.6389  0.2679 
   00049    0.4265 -164090.5100  0.2685 
   00050    0.4214 -164217.0199  0.2687 
