#=====================================================
# File created:        Tue-07-Nov-2023-at-11-03-51PM
# Size of lattice:     375x375
# Number of MC steps:  50
# Reduced temperature: 0.500
# Run time (s):        40.554753
#=====================================================
# MC step:  Ratio:     Energy:   Order:
#=====================================================
   00000    0.5000 -139797.1804  0.2528 
   00001    0.6799 -209286.7898  0.2520 
   00002    0.6245 -253586.7322  0.2512 
   00003    0.5834 -285056.3026  0.2524 
   00004    0.5572 -309310.6318  0.2546 
   00005    0.5360 -328338.9609  0.2558 
   00006    0.5215 -343641.4016  0.2564 
   00007    0.5085 -356807.1780  0.2574 
   00008    0.5033 -367317.3464  0.2578 
   00009    0.4904 -377158.5878  0.2578 
   00010    0.4837 -385009.7349  0.2576 
   00011    0.4774 -391655.0243  0.2579 
   00012    0.4727 -397945.0343  0.2594 
   00013    0.4666 -403003.9266  0.2588 
   00014    0.4654 -407865.8004  0.2589 
   00015    0.4605 -412010.7307  0.2591 
   00016    0.4550 -415580.7079  0.2602 
   00017    0.4526 -418786.5166  0.2608 
   00018    0.4544 -421941.7691  0.2603 
   00019    0.4515 -424588.8001  0.2610 
   00020    0.4475 -427133.3768  0.2617 
   00021    0.4457 -429208.0356  0.2619 
   00022    0.4456 -431285.9659  0.2619 
   00023    0.4425 -433199.5556  0.2625 
   00024    0.4432 -435026.8322  0.2629 
   00025    0.4410 -436767.2818  0.2621 
   00026    0.4415 -437849.5608  0.2629 
   00027    0.4382 -439291.6845  0.2632 
   00028    0.4411 -440479.9745  0.2633 
   00029    0.4354 -441628.9579  0.2635 
   00030    0.4363 -442847.6237  0.2641 
   00031    0.4331 -444309.2714  0.2648 
   00032    0.4365 -445363.2086  0.2655 
   00033    0.4331 -446479.7506  0.2652 
   00034    0.4323 -447602.5204  0.2653 
   00035    0.4327 -448338.9949  0.2657 
   00036    0.4323 -448977.3949  0.2659 
   00037    0.4312 -449750.7511  0.2657 
   00038    0.4312 -450395.8950  0.2657 
   00039    0.4309 -451171.9979  0.2653 
   00040    0.4284 -451384.7030  0.2645 
   00041    0.4292 -452246.9281  0.2644 
   00042    0.4297 -452760.3709  0.2643 
   00043    0.4282 -453261.9824  0.2638 
   00044    0.4278 -453807.3242  0.2637 
   00045    0.4280 -454208.4196  0.2644 
   00046    0.4275 -454604.3775  0.2643 
   00047    0.4255 -455358.6124  0.2644 
   00048    0.4269 -455398.4624  0.2640 
   00049    0.4280 -456026.2086  0.2636 
   00050    0.4253 -456196.2687  0.2628 
