#=====================================================
# File created:        Tue-07-Nov-2023-at-11-03-36PM
# Size of lattice:     300x300
# Number of MC steps:  50
# Reduced temperature: 0.500
# Run time (s):        25.859135
#=====================================================
# MC step:  Ratio:     Energy:   Order:
#=====================================================
   00000    0.5000  -89156.5390  0.2518 
   00001    0.6804 -133482.5328  0.2533 
   00002    0.6220 -161623.5885  0.2529 
   00003    0.5869 -182276.2936  0.2525 
   00004    0.5622 -198181.2896  0.2503 
   00005    0.5346 -211025.6907  0.2517 
   00006    0.5209 -221312.7372  0.2528 
   00007    0.5104 -229604.1415  0.2535 
   00008    0.4946 -236052.0852  0.2540 
   00009    0.4875 -242020.9255  0.2530 
   00010    0.4840 -246963.8047  0.2524 
   00011    0.4788 -251422.6797  0.2531 
   00012    0.4763 -255106.1735  0.2526 
   00013    0.4686 -258624.4207  0.2522 
   00014    0.4628 -261496.9170  0.2528 
   00015    0.4590 -264478.3076  0.2527 
   00016    0.4598 -266314.3582  0.2529 
   00017    0.4533 -268521.2213  0.2534 
   00018    0.4528 -270410.7733  0.2530 
   00019    0.4495 -272703.2491  0.2529 
   00020    0.4465 -274115.8900  0.2535 
   00021    0.4468 -275365.7960  0.2533 
   00022    0.4464 -276281.3182  0.2535 
   00023    0.4431 -277660.4323  0.2540 
   00024    0.4403 -278802.9843  0.2552 
   00025    0.4389 -279701.0142  0.2544 
   00026    0.4411 -280822.9608  0.2543 
   00027    0.4373 -281573.2180  0.2549 
   00028    0.4396 -282264.6475  0.2537 
   00029    0.4359 -283251.0785  0.2536 
   00030    0.4368 -283616.5708  0.2546 
   00031    0.4354 -284491.8141  0.2550 
   00032    0.4362 -285318.0884  0.2537 
   00033    0.4346 -285739.3567  0.2533 
   00034    0.4336 -286480.4149  0.2542 
   00035    0.4295 -286966.6196  0.2550 
   00036    0.4295 -287380.6130  0.2544 
   00037    0.4325 -287447.0408  0.2543 
   00038    0.4300 -288081.7154  0.2532 
   00039    0.4294 -288579.5651  0.2538 
   00040    0.4303 -288985.7509  0.2530 
   00041    0.4286 -289447.6214  0.2534 
   00042    0.4277 -289812.0195  0.2525 
   00043    0.4311 -290337.7705  0.2511 
   00044    0.4292 -290741.3757  0.2521 
   00045    0.4245 -290642.4726  0.2515 
   00046    0.4238 -290891.9237  0.2521 
   00047    0.4266 -291207.4619  0.2521 
   00048    0.4291 -291365.7873  0.2527 
   00049    0.4265 -291495.2640  0.2524 
   00050    0.4277 -291874.3459  0.2540 
