#=====================================================
# File created:        Tue-07-Nov-2023-at-11-04-55PM
# Size of lattice:     600x600
# Number of MC steps:  50
# Reduced temperature: 0.500
# Run time (s):        103.863518
#=====================================================
# MC step:  Ratio:     Energy:   Order:
#=====================================================
   00000    0.5000 -360334.8077  0.2515 
   00001    0.6797 -535255.9704  0.2526 
   00002    0.6222 -649014.5414  0.2528 
   00003    0.5859 -730014.5594  0.2530 
   00004    0.5576 -792782.2416  0.2538 
   00005    0.5381 -842142.2022  0.2536 
   00006    0.5222 -882458.5929  0.2537 
   00007    0.5094 -915400.2552  0.2540 
   00008    0.5002 -943821.8996  0.2541 
   00009    0.4893 -967116.6176  0.2536 
   00010    0.4834 -987880.4074  0.2532 
   00011    0.4767 -1005924.6346  0.2534 
   00012    0.4717 -1020999.3816  0.2534 
   00013    0.4676 -1034762.3542  0.2531 
   00014    0.4627 -1046120.3854  0.2539 
   00015    0.4592 -1056605.6717  0.2541 
   00016    0.4565 -1066823.8576  0.2549 
   00017    0.4536 -1076006.0769  0.2551 
   00018    0.4503 -1082875.9928  0.2546 
   00019    0.4502 -1089695.8478  0.2553 
   00020    0.4489 -1096276.3355  0.2559 
   00021    0.4445 -1101996.9991  0.2555 
   00022    0.4424 -1107162.1762  0.2555 
   00023    0.4433 -1112254.3434  0.2553 
   00024    0.4405 -1116312.2715  0.2548 
   00025    0.4401 -1120362.6150  0.2550 
   00026    0.4382 -1123695.5586  0.2548 
   00027    0.4374 -1126360.2062  0.2550 
   00028    0.4378 -1129446.2089  0.2554 
   00029    0.4359 -1132344.4386  0.2554 
   00030    0.4349 -1135539.2239  0.2557 
   00031    0.4353 -1138689.3231  0.2555 
   00032    0.4334 -1141166.0080  0.2568 
   00033    0.4336 -1143699.5983  0.2567 
   00034    0.4333 -1146100.7582  0.2570 
   00035    0.4315 -1148024.3806  0.2567 
   00036    0.4312 -1149903.5500  0.2567 
   00037    0.4307 -1151167.3433  0.2573 
   00038    0.4302 -1153140.0183  0.2571 
   00039    0.4305 -1154801.1916  0.2581 
   00040    0.4298 -1156620.2304  0.2575 
   00041    0.4287 -1158133.2423  0.2573 
   00042    0.4273 -1159163.5547  0.2570 
   00043    0.4288 -1160603.4989  0.2573 
   00044    0.4265 -1162213.6270  0.2578 
   00045    0.4280 -1163373.4453  0.2580 
   00046    0.4281 -1164116.6945  0.2575 
   00047    0.4274 -1165786.1471  0.2576 
   00048    0.4275 -1167123.7497  0.2573 
   00049    0.4276 -1168627.8701  0.2575 
   00050    0.4255 -1169536.4547  0.2581 
