#=====================================================
# File created:        Tue-07-Nov-2023-at-11-04-42PM
# Size of lattice:     525x525
# Number of MC steps:  50
# Reduced temperature: 0.500
# Run time (s):        91.403088
#=====================================================
# MC step:  Ratio:     Energy:   Order:
#=====================================================
   00000    0.5000 -276335.3681  0.2513 
   00001    0.6798 -410219.8167  0.2521 
   00002    0.6236 -496996.4005  0.2521 
   00003    0.5832 -560291.3655  0.2517 
   00004    0.5574 -608574.4134  0.2534 
   00005    0.5369 -646259.6067  0.2528 
   00006    0.5207 -676600.9251  0.2526 
   00007    0.5088 -701936.6680  0.2525 
   00008    0.4967 -723287.8127  0.2533 
   00009    0.4894 -741634.1303  0.2532 
   00010    0.4813 -757016.5331  0.2537 
   00011    0.4767 -770287.4017  0.2540 
   00012    0.4721 -782375.5908  0.2546 
   00013    0.4664 -793143.4835  0.2552 
   00014    0.4634 -802299.5001  0.2566 
   00015    0.4590 -810097.6792  0.2568 
   00016    0.4570 -816682.9260  0.2572 
   00017    0.4528 -822910.5569  0.2581 
   00018    0.4505 -828733.1973  0.2585 
   00019    0.4494 -834426.5014  0.2587 
   00020    0.4471 -839019.1886  0.2594 
   00021    0.4459 -843065.8853  0.2598 
   00022    0.4450 -846872.5555  0.2596 
   00023    0.4432 -850401.0256  0.2602 
   00024    0.4422 -854245.1575  0.2601 
   00025    0.4409 -857526.1270  0.2602 
   00026    0.4405 -859866.4818  0.2610 
   00027    0.4371 -862405.9076  0.2613 
   00028    0.4376 -864136.3473  0.2612 
   00029    0.4371 -866572.3363  0.2613 
   00030    0.4352 -869004.2257  0.2614 
   00031    0.4363 -871326.7206  0.2618 
   00032    0.4322 -873395.5681  0.2620 
   00033    0.4323 -875682.0525  0.2622 
   00034    0.4324 -877510.0027  0.2624 
   00035    0.4321 -879454.5898  0.2621 
   00036    0.4316 -881069.5130  0.2627 
   00037    0.4301 -882262.7868  0.2629 
   00038    0.4287 -883859.9634  0.2637 
   00039    0.4317 -885376.9725  0.2639 
   00040    0.4283 -886227.9194  0.2637 
   00041    0.4288 -887426.4843  0.2634 
   00042    0.4274 -888506.1139  0.2638 
   00043    0.4283 -889599.1347  0.2644 
   00044    0.4278 -890860.5723  0.2647 
   00045    0.4272 -891691.5627  0.2640 
   00046    0.4263 -892780.6388  0.2646 
   00047    0.4256 -893438.4180  0.2641 
   00048    0.4263 -894456.2161  0.2647 
   00049    0.4267 -894784.4732  0.2648 
   00050    0.4248 -895764.6244  0.2649 
