#=====================================================
# File created:        Tue-07-Nov-2023-at-11-04-08PM
# Size of lattice:     450x450
# Number of MC steps:  50
# Reduced temperature: 0.500
# Run time (s):        57.699266
#=====================================================
# MC step:  Ratio:     Energy:   Order:
#=====================================================
   00000    0.5000 -203521.3041  0.2503 
   00001    0.6774 -301261.1726  0.2510 
   00002    0.6229 -365540.1603  0.2508 
   00003    0.5833 -411566.7576  0.2509 
   00004    0.5576 -445830.1450  0.2525 
   00005    0.5372 -473794.9369  0.2535 
   00006    0.5208 -496615.4770  0.2542 
   00007    0.5084 -514860.9820  0.2534 
   00008    0.4992 -530616.0288  0.2536 
   00009    0.4899 -543728.1295  0.2545 
   00010    0.4837 -555178.0291  0.2540 
   00011    0.4758 -565312.0635  0.2539 
   00012    0.4715 -573957.3831  0.2539 
   00013    0.4686 -581578.3496  0.2539 
   00014    0.4637 -588295.4997  0.2545 
   00015    0.4593 -594204.4464  0.2542 
   00016    0.4578 -599497.3431  0.2547 
   00017    0.4558 -604434.8268  0.2545 
   00018    0.4534 -608688.3937  0.2552 
   00019    0.4502 -612756.4946  0.2558 
   00020    0.4481 -616157.1715  0.2550 
   00021    0.4454 -618973.6966  0.2554 
   00022    0.4453 -622179.4578  0.2557 
   00023    0.4404 -624913.9334  0.2550 
   00024    0.4431 -627413.3336  0.2554 
   00025    0.4414 -629728.5899  0.2563 
   00026    0.4392 -631881.6243  0.2558 
   00027    0.4369 -633835.3233  0.2560 
   00028    0.4363 -636082.1360  0.2571 
   00029    0.4352 -637373.6883  0.2569 
   00030    0.4351 -638969.5974  0.2571 
   00031    0.4351 -640694.4179  0.2569 
   00032    0.4341 -642015.7474  0.2574 
   00033    0.4348 -643164.3049  0.2576 
   00034    0.4309 -644723.7821  0.2568 
   00035    0.4328 -645788.0127  0.2572 
   00036    0.4316 -647087.5626  0.2568 
   00037    0.4323 -648080.1889  0.2565 
   00038    0.4307 -648919.1934  0.2561 
   00039    0.4291 -650123.9356  0.2559 
   00040    0.4279 -651173.4785  0.2559 
   00041    0.4307 -652256.8123  0.2560 
   00042    0.4270 -652974.9122  0.2557 
   00043    0.4283 -654134.4156  0.2551 
   00044    0.4272 -653952.8668  0.2555 
   00045    0.4264 -654968.4289  0.2550 
   00046    0.4276 -655083.8993  0.2553 
   00047    0.4247 -655715.8001  0.2555 
   00048    0.4268 -656206.5798  0.2557 
   00049    0.4272 -657171.2612  0.2560 
   00050    0.4256 -657699.2510  0.2565 
