#=====================================================
# File created:        Tue-07-Nov-2023-at-11-06-06PM
# Size of lattice:     750x750
# Number of MC steps:  50
# Reduced temperature: 0.500
# Run time (s):        176.134053
#=====================================================
# MC step:  Ratio:     Energy:   Order:
#=====================================================
   00000    0.5000 -563700.0282  0.2506 
   00001    0.6806 -836197.6134  0.2508 
   00002    0.6226 -1013841.5656  0.2517 
   00003    0.5843 -1142234.8237  0.2520 
   00004    0.5576 -1238926.0897  0.2526 
   00005    0.5361 -1315303.1380  0.2535 
   00006    0.5212 -1377921.0375  0.2543 
   00007    0.5092 -1429307.0175  0.2550 
   00008    0.4997 -1473593.1974  0.2558 
   00009    0.4905 -1510044.8819  0.2555 
   00010    0.4845 -1541656.9099  0.2558 
   00011    0.4786 -1569826.7429  0.2561 
   00012    0.4702 -1594173.5147  0.2562 
   00013    0.4672 -1614739.5532  0.2564 
   00014    0.4630 -1633696.0355  0.2568 
   00015    0.4593 -1650634.4234  0.2570 
   00016    0.4578 -1665080.0464  0.2573 
   00017    0.4545 -1677688.6217  0.2578 
   00018    0.4527 -1689826.2125  0.2579 
   00019    0.4500 -1700785.3555  0.2587 
   00020    0.4480 -1710721.8913  0.2585 
   00021    0.4462 -1719824.3016  0.2591 
   00022    0.4445 -1727961.4370  0.2593 
   00023    0.4421 -1735223.5846  0.2599 
   00024    0.4407 -1741923.3345  0.2601 
   00025    0.4393 -1748358.6498  0.2598 
   00026    0.4401 -1755026.0217  0.2600 
   00027    0.4376 -1760418.9034  0.2602 
   00028    0.4368 -1765531.3446  0.2603 
   00029    0.4360 -1770544.8677  0.2604 
   00030    0.4338 -1774764.8582  0.2608 
   00031    0.4347 -1778525.8087  0.2611 
   00032    0.4347 -1782685.4133  0.2610 
   00033    0.4338 -1787044.0898  0.2613 
   00034    0.4329 -1789666.7397  0.2620 
   00035    0.4312 -1792254.0741  0.2621 
   00036    0.4315 -1795824.8301  0.2625 
   00037    0.4320 -1798358.6078  0.2621 
   00038    0.4323 -1801407.9084  0.2624 
   00039    0.4297 -1804281.4460  0.2630 
   00040    0.4291 -1806194.8912  0.2626 
   00041    0.4299 -1809482.1213  0.2631 
   00042    0.4293 -1811010.2855  0.2636 
   00043    0.4276 -1813087.2982  0.2641 
   00044    0.4281 -1815030.6448  0.2645 
   00045    0.4266 -1816610.7335  0.2649 
   00046    0.4282 -1818819.7322  0.2649 
   00047    0.4274 -1821532.5273  0.2646 
   00048    0.4268 -1823666.2349  0.2648 
   00049    0.4269 -1825260.5176  0.2651 
   00050    0.4260 -1827132.2553  0.2655 
