#=====================================================
# File created:        Tue-07-Nov-2023-at-11-05-30PM
# Size of lattice:     675x675
# Number of MC steps:  50
# Reduced temperature: 0.500
# Run time (s):        139.178713
#=====================================================
# MC step:  Ratio:     Energy:   Order:
#=====================================================
   00000    0.5000 -454416.2706  0.2508 
   00001    0.6805 -676391.1223  0.2516 
   00002    0.6220 -821220.7200  0.2519 
   00003    0.5853 -926173.8104  0.2518 
   00004    0.5574 -1005023.1460  0.2518 
   00005    0.5371 -1067409.6558  0.2515 
   00006    0.5217 -1118004.8008  0.2531 
   00007    0.5090 -1159514.6618  0.2531 
   00008    0.4974 -1194714.7781  0.2533 
   00009    0.4902 -1225922.1122  0.2526 
   00010    0.4820 -1251411.7958  0.2532 
   00011    0.4765 -1273600.3821  0.2537 
   00012    0.4711 -1292643.2907  0.2538 
   00013    0.4689 -1309090.4480  0.2539 
   00014    0.4631 -1324456.2423  0.2547 
   00015    0.4589 -1337503.1135  0.2552 
   00016    0.4556 -1349072.3638  0.2555 
   00017    0.4536 -1359690.3968  0.2555 
   00018    0.4509 -1369138.7399  0.2554 
   00019    0.4502 -1378541.3743  0.2557 
   00020    0.4471 -1386674.8325  0.2554 
   00021    0.4463 -1393843.4320  0.2555 
   00022    0.4446 -1400540.8217  0.2562 
   00023    0.4412 -1406531.4736  0.2569 
   00024    0.4415 -1412216.4778  0.2570 
   00025    0.4399 -1417334.8574  0.2570 
   00026    0.4393 -1421736.7239  0.2569 
   00027    0.4374 -1425801.1188  0.2562 
   00028    0.4361 -1429673.3125  0.2557 
   00029    0.4373 -1433747.1033  0.2554 
   00030    0.4372 -1437197.1833  0.2554 
   00031    0.4338 -1440099.3184  0.2552 
   00032    0.4341 -1443225.3906  0.2554 
   00033    0.4334 -1447335.7995  0.2550 
   00034    0.4342 -1449805.2907  0.2546 
   00035    0.4316 -1451734.3649  0.2546 
   00036    0.4317 -1454292.3363  0.2547 
   00037    0.4312 -1456357.2953  0.2550 
   00038    0.4300 -1458615.5955  0.2554 
   00039    0.4304 -1460556.4635  0.2555 
   00040    0.4290 -1461815.1824  0.2556 
   00041    0.4297 -1464050.6673  0.2556 
   00042    0.4287 -1465393.0187  0.2557 
   00043    0.4279 -1467121.2154  0.2555 
   00044    0.4289 -1469276.1429  0.2558 
   00045    0.4270 -1470674.3680  0.2560 
   00046    0.4286 -1472097.3230  0.2560 
   00047    0.4270 -1474453.4982  0.2563 
   00048    0.4260 -1475452.9633  0.2564 
   00049    0.4264 -1476901.2817  0.2569 
   00050    0.4260 -1477644.8107  0.2569 
