#=====================================================
# File created:        Wed-08-Nov-2023-at-12-34-21AM
# Size of lattice:     225x225
# Number of MC steps:  50
# Reduced temperature: 0.500
# Run time (s):        73.471941
#=====================================================
# MC step:  Ratio:     Energy:   Order:
#=====================================================
   00000    0.5000  -50989.4399  0.3195 
   00001    0.6773  -75294.6039  0.3351 
   00002    0.6246  -91290.3374  0.3033 
   00003    0.5827 -102576.5591  0.3276 
   00004    0.5552 -111214.3993  0.3431 
   00005    0.5374 -118223.2434  0.3645 
   00006    0.5207 -123985.4917  0.3459 
   00007    0.5090 -128563.3059  0.3633 
   00008    0.5004 -132876.0348  0.4473 
   00009    0.4882 -135947.5710  0.4620 
   00010    0.4857 -138988.3045  0.4251 
   00011    0.4767 -141575.6118  0.3814 
   00012    0.4694 -143672.2011  0.4021 
   00013    0.4659 -145581.5167  0.4419 
   00014    0.4654 -147285.2387  0.4582 
   00015    0.4610 -148953.2982  0.4004 
   00016    0.4548 -150369.4817  0.4430 
   00017    0.4535 -151396.9671  0.4235 
   00018    0.4518 -152493.1577  0.4181 
   00019    0.4504 -153317.0888  0.3993 
   00020    0.4490 -154073.0240  0.4016 
   00021    0.4453 -154782.9734  0.4035 
   00022    0.4483 -155565.2801  0.3863 
   00023    0.4381 -156100.2746  0.4007 
   00024    0.4411 -156753.8877  0.4007 
   00025    0.4422 -157533.9391  0.4531 
   00026    0.4392 -158023.1309  0.4101 
   00027    0.4390 -158466.0303  0.4236 
   00028    0.4388 -158969.8604  0.4133 
   00029    0.4332 -159499.8667  0.4022 
   00030    0.4335 -159744.8149  0.3886 
   00031    0.4338 -160189.1555  0.3884 
   00032    0.4333 -160507.3607  0.3710 
   00033    0.4342 -160885.2389  0.3606 
   00034    0.4358 -161046.7748  0.3694 
   00035    0.4341 -161496.1834  0.3608 
   00036    0.4298 -161839.7615  0.3376 
   00037    0.4313 -161904.7300  0.3804 
   00038    0.4284 -162178.3307  0.4198 
   00039    0.4261 -162401.7535  0.3961 
   00040    0.4320 -162363.6288  0.4011 
   00041    0.4279 -162778.7157  0.4324 
   00042    0.4296 -163017.3233  0.4276 
   00043    0.4299 -163290.9071  0.4092 
   00044    0.4279 -163570.1100  0.4289 
   00045    0.4305 -163728.0353  0.4415 
   00046    0.4243 -163851.5422  0.4015 
   00047    0.4247 -163837.7605  0.4291 
   00048    0.4228 -164156.4990  0.3962 
   00049    0.4231 -164306.7843  0.3760 
   00050    0.4240 -164439.0814  0.3670 
