#=====================================================
# File created:        Wed-08-Nov-2023-at-12-39-41AM
# Size of lattice:     525x525
# Number of MC steps:  50
# Reduced temperature: 0.500
# Run time (s):        391.719352
#=====================================================
# MC step:  Ratio:     Energy:   Order:
#=====================================================
   00000    0.5000 -276526.1582  0.2894 
   00001    0.6808 -410285.4491  0.3037 
   00002    0.6226 -496693.6361  0.2952 
   00003    0.5846 -558771.9282  0.2687 
   00004    0.5588 -606374.5521  0.2768 
   00005    0.5352 -643694.9026  0.2836 
   00006    0.5210 -674210.0900  0.2675 
   00007    0.5097 -700257.9250  0.2664 
   00008    0.4990 -721337.3412  0.2725 
   00009    0.4892 -740140.1192  0.3090 
   00010    0.4841 -755448.0187  0.3076 
   00011    0.4766 -768096.9462  0.3016 
   00012    0.4737 -779806.7200  0.2897 
   00013    0.4687 -790903.1521  0.2788 
   00014    0.4643 -799642.3903  0.2810 
   00015    0.4596 -807772.5405  0.2954 
   00016    0.4555 -815251.6267  0.2920 
   00017    0.4538 -821647.2466  0.2957 
   00018    0.4510 -827262.7064  0.2914 
   00019    0.4508 -832108.0302  0.2901 
   00020    0.4486 -836690.0030  0.2853 
   00021    0.4466 -841414.3840  0.2785 
   00022    0.4459 -845776.1760  0.2930 
   00023    0.4430 -849520.7643  0.2818 
   00024    0.4399 -852582.3685  0.2820 
   00025    0.4399 -855587.3145  0.2883 
   00026    0.4383 -858773.3123  0.2947 
   00027    0.4394 -861784.3722  0.3121 
   00028    0.4376 -863981.5730  0.3130 
   00029    0.4374 -866357.0594  0.3135 
   00030    0.4353 -868783.7498  0.3054 
   00031    0.4339 -870952.1436  0.2980 
   00032    0.4340 -872989.5954  0.2966 
   00033    0.4340 -874643.6276  0.3126 
   00034    0.4327 -876416.6063  0.3151 
   00035    0.4319 -878479.4571  0.3285 
   00036    0.4306 -879597.9578  0.3012 
   00037    0.4309 -881251.1067  0.3200 
   00038    0.4303 -882186.9509  0.3138 
   00039    0.4288 -883837.9094  0.3198 
   00040    0.4291 -885247.4325  0.3095 
   00041    0.4286 -886814.1072  0.2863 
   00042    0.4291 -888248.8978  0.2903 
   00043    0.4292 -888808.3121  0.2721 
   00044    0.4263 -889408.1491  0.2805 
   00045    0.4257 -890282.9240  0.2732 
   00046    0.4283 -891276.7336  0.2635 
   00047    0.4274 -892742.3661  0.2696 
   00048    0.4269 -893414.2722  0.2709 
   00049    0.4255 -893992.3095  0.2771 
   00050    0.4261 -895024.7447  0.3026 
