#=====================================================
# File created:        Wed-08-Nov-2023-at-12-38-03AM
# Size of lattice:     450x450
# Number of MC steps:  50
# Reduced temperature: 0.500
# Run time (s):        293.542724
#=====================================================
# MC step:  Ratio:     Energy:   Order:
#=====================================================
   00000    0.5000 -203078.9149  0.3572 
   00001    0.6800 -301284.4866  0.3589 
   00002    0.6223 -364947.5416  0.3280 
   00003    0.5869 -410763.4063  0.3179 
   00004    0.5555 -445246.6431  0.2839 
   00005    0.5385 -472578.4968  0.2846 
   00006    0.5216 -495334.8989  0.3064 
   00007    0.5102 -514497.0998  0.3079 
   00008    0.4985 -530771.3953  0.3581 
   00009    0.4881 -544214.1818  0.3361 
   00010    0.4839 -556370.1961  0.3495 
   00011    0.4783 -566184.4711  0.3226 
   00012    0.4732 -574888.7019  0.3144 
   00013    0.4653 -582252.5187  0.2961 
   00014    0.4628 -589433.5534  0.3261 
   00015    0.4590 -595206.9643  0.3440 
   00016    0.4566 -600463.8043  0.3334 
   00017    0.4525 -605359.1507  0.3460 
   00018    0.4502 -609607.7223  0.3388 
   00019    0.4498 -613348.9899  0.3286 
   00020    0.4466 -617200.5540  0.3300 
   00021    0.4445 -620629.4981  0.3479 
   00022    0.4439 -623567.9631  0.3612 
   00023    0.4429 -626454.0183  0.4074 
   00024    0.4417 -628707.9380  0.3919 
   00025    0.4399 -631231.2698  0.3807 
   00026    0.4373 -632839.7120  0.3649 
   00027    0.4367 -634625.6007  0.3427 
   00028    0.4380 -636233.5556  0.3398 
   00029    0.4354 -638000.3791  0.3429 
   00030    0.4343 -639771.5616  0.3589 
   00031    0.4351 -640823.4040  0.3568 
   00032    0.4338 -642146.7648  0.3393 
   00033    0.4337 -643088.8992  0.3093 
   00034    0.4331 -644686.0694  0.3075 
   00035    0.4316 -645916.4449  0.3101 
   00036    0.4314 -646768.3057  0.3115 
   00037    0.4320 -647855.6787  0.2986 
   00038    0.4298 -648591.6127  0.3042 
   00039    0.4295 -649588.8494  0.3057 
   00040    0.4308 -650968.2665  0.2801 
   00041    0.4292 -651935.4158  0.2840 
   00042    0.4285 -652714.9884  0.2992 
   00043    0.4270 -653440.5519  0.3011 
   00044    0.4275 -654173.3875  0.3085 
   00045    0.4274 -655190.4311  0.2997 
   00046    0.4259 -655468.5085  0.2823 
   00047    0.4270 -656549.7860  0.2776 
   00048    0.4279 -656717.0810  0.2762 
   00049    0.4279 -657541.0134  0.3072 
   00050    0.4246 -658312.1023  0.3182 
