#=====================================================
# File created:        Wed-08-Nov-2023-at-12-36-23AM
# Size of lattice:     375x375
# Number of MC steps:  50
# Reduced temperature: 0.500
# Run time (s):        194.467579
#=====================================================
# MC step:  Ratio:     Energy:   Order:
#=====================================================
   00000    0.5000 -140805.3784  0.2602 
   00001    0.6796 -209542.2045  0.2435 
   00002    0.6235 -253532.0168  0.2471 
   00003    0.5869 -285710.9228  0.2724 
   00004    0.5575 -309933.2095  0.2513 
   00005    0.5354 -329007.2884  0.3108 
   00006    0.5223 -344843.5249  0.2627 
   00007    0.5088 -357778.8601  0.2688 
   00008    0.4979 -368603.0186  0.2489 
   00009    0.4910 -378081.2959  0.2395 
   00010    0.4824 -386005.7191  0.2313 
   00011    0.4779 -392588.9026  0.2356 
   00012    0.4718 -398856.2345  0.2540 
   00013    0.4659 -404045.9577  0.2693 
   00014    0.4635 -408391.4216  0.2949 
   00015    0.4585 -412567.7895  0.3015 
   00016    0.4578 -416002.4037  0.3017 
   00017    0.4567 -419235.0670  0.2977 
   00018    0.4515 -422174.6915  0.2963 
   00019    0.4483 -424613.3262  0.3090 
   00020    0.4468 -427480.9590  0.2891 
   00021    0.4465 -429458.0135  0.2889 
   00022    0.4438 -431724.2797  0.2791 
   00023    0.4447 -433419.3823  0.2804 
   00024    0.4427 -435577.5696  0.2681 
   00025    0.4413 -437354.2442  0.2940 
   00026    0.4407 -439084.7893  0.2958 
   00027    0.4379 -440273.1702  0.2793 
   00028    0.4393 -441384.6777  0.2701 
   00029    0.4380 -442749.0421  0.2930 
   00030    0.4357 -443404.1869  0.3033 
   00031    0.4356 -444334.4435  0.2815 
   00032    0.4321 -445389.7940  0.2566 
   00033    0.4343 -446164.2476  0.2722 
   00034    0.4342 -447113.8754  0.2651 
   00035    0.4319 -448032.3960  0.2638 
   00036    0.4321 -448590.9278  0.2666 
   00037    0.4338 -449220.9982  0.2796 
   00038    0.4320 -449992.4353  0.2767 
   00039    0.4288 -450666.1396  0.2596 
   00040    0.4286 -451502.2223  0.2479 
   00041    0.4268 -451874.4995  0.2427 
   00042    0.4306 -452515.8168  0.2301 
   00043    0.4298 -453053.4212  0.2344 
   00044    0.4267 -453720.6167  0.2456 
   00045    0.4272 -454057.0281  0.2627 
   00046    0.4275 -454661.7341  0.2548 
   00047    0.4279 -455080.9946  0.2452 
   00048    0.4299 -455761.1142  0.2277 
   00049    0.4258 -456199.5187  0.2425 
   00050    0.4251 -456778.3356  0.2386 
