#=====================================================
# File created:        Wed-08-Nov-2023-at-12-41-42AM
# Size of lattice:     600x600
# Number of MC steps:  50
# Reduced temperature: 0.500
# Run time (s):        512.228983
#=====================================================
# MC step:  Ratio:     Energy:   Order:
#=====================================================
   00000    0.5000 -359314.0115  0.2537 
   00001    0.6812 -534802.9245  0.2476 
   00002    0.6228 -648423.8714  0.2468 
   00003    0.5842 -730551.7216  0.2969 
   00004    0.5576 -793097.2637  0.2914 
   00005    0.5378 -842168.0912  0.2936 
   00006    0.5211 -882934.2783  0.2907 
   00007    0.5084 -916276.1628  0.2901 
   00008    0.4991 -943987.0814  0.2791 
   00009    0.4896 -968628.9820  0.2703 
   00010    0.4824 -988823.7361  0.2617 
   00011    0.4763 -1006612.1460  0.2582 
   00012    0.4713 -1022045.3305  0.2508 
   00013    0.4656 -1035546.2331  0.2508 
   00014    0.4618 -1047015.0704  0.2874 
   00015    0.4585 -1057271.3055  0.2889 
   00016    0.4570 -1066839.4296  0.2878 
   00017    0.4545 -1075279.8877  0.2712 
   00018    0.4507 -1082905.2881  0.2798 
   00019    0.4491 -1089623.8822  0.2865 
   00020    0.4456 -1095805.0346  0.3043 
   00021    0.4447 -1101466.1082  0.2893 
   00022    0.4446 -1106978.3836  0.2753 
   00023    0.4425 -1111847.8150  0.2886 
   00024    0.4415 -1116189.9764  0.2997 
   00025    0.4401 -1120571.5515  0.3080 
   00026    0.4387 -1124258.2145  0.3025 
   00027    0.4377 -1127719.5827  0.3046 
   00028    0.4370 -1130906.8754  0.3158 
   00029    0.4373 -1134027.9075  0.3358 
   00030    0.4345 -1137313.6498  0.3338 
   00031    0.4364 -1139417.6823  0.3250 
   00032    0.4339 -1141713.5882  0.3320 
   00033    0.4341 -1143423.0590  0.3313 
   00034    0.4321 -1146376.3510  0.3456 
   00035    0.4317 -1147756.4723  0.3348 
   00036    0.4311 -1149874.6414  0.3425 
   00037    0.4310 -1151762.0228  0.3252 
   00038    0.4303 -1153659.0768  0.3124 
   00039    0.4310 -1155893.1109  0.3035 
   00040    0.4303 -1157080.2048  0.3000 
   00041    0.4297 -1158695.7289  0.2962 
   00042    0.4273 -1159960.9427  0.3027 
   00043    0.4274 -1161781.5640  0.3244 
   00044    0.4270 -1163592.6977  0.3187 
   00045    0.4285 -1164485.0635  0.3102 
   00046    0.4267 -1165241.8388  0.3141 
   00047    0.4274 -1166062.3561  0.2990 
   00048    0.4267 -1167107.9876  0.3060 
   00049    0.4271 -1168602.2791  0.3011 
   00050    0.4271 -1169648.8291  0.3132 
