#=====================================================
# File created:        Wed-08-Nov-2023-at-12-44-18AM
# Size of lattice:     675x675
# Number of MC steps:  50
# Reduced temperature: 0.500
# Run time (s):        667.966289
#=====================================================
# MC step:  Ratio:     Energy:   Order:
#=====================================================
   00000    0.5000 -455350.2730  0.3003 
   00001    0.6801 -676408.3136  0.3096 
   00002    0.6232 -820965.4331  0.2769 
   00003    0.5839 -923925.6756  0.2920 
   00004    0.5578 -1003153.3653  0.3156 
   00005    0.5362 -1066024.2173  0.3301 
   00006    0.5196 -1117025.9246  0.3052 
   00007    0.5081 -1159227.6010  0.3084 
   00008    0.4996 -1195031.2664  0.3311 
   00009    0.4896 -1224937.7590  0.3320 
   00010    0.4823 -1250946.7524  0.3169 
   00011    0.4765 -1272034.5295  0.3277 
   00012    0.4708 -1292027.7626  0.3144 
   00013    0.4667 -1309033.7215  0.3155 
   00014    0.4643 -1323922.2533  0.3159 
   00015    0.4600 -1338026.9576  0.3178 
   00016    0.4567 -1349876.4767  0.3228 
   00017    0.4543 -1360162.4775  0.3311 
   00018    0.4523 -1369598.3679  0.3368 
   00019    0.4491 -1378425.6827  0.3300 
   00020    0.4473 -1386906.5122  0.3137 
   00021    0.4445 -1393347.8217  0.3239 
   00022    0.4450 -1399684.8050  0.3278 
   00023    0.4429 -1405254.1677  0.3308 
   00024    0.4414 -1410051.5936  0.3299 
   00025    0.4413 -1415886.8095  0.3269 
   00026    0.4404 -1420375.1147  0.3131 
   00027    0.4388 -1425331.3239  0.3114 
   00028    0.4387 -1429052.2011  0.3175 
   00029    0.4365 -1433153.2115  0.3200 
   00030    0.4355 -1436093.1181  0.3135 
   00031    0.4351 -1439665.5416  0.3351 
   00032    0.4353 -1443333.6956  0.3343 
   00033    0.4320 -1446630.5056  0.3308 
   00034    0.4328 -1449177.7136  0.3513 
   00035    0.4317 -1452120.6125  0.3560 
   00036    0.4324 -1454335.8732  0.3269 
   00037    0.4317 -1456292.8718  0.3127 
   00038    0.4319 -1458644.0559  0.3071 
   00039    0.4288 -1461155.0853  0.3154 
   00040    0.4295 -1463312.4201  0.3169 
   00041    0.4292 -1465499.3373  0.3225 
   00042    0.4289 -1467267.5131  0.3107 
   00043    0.4291 -1468960.7775  0.2931 
   00044    0.4266 -1471169.9671  0.2869 
   00045    0.4284 -1472789.5926  0.2856 
   00046    0.4269 -1474517.1496  0.2778 
   00047    0.4253 -1476329.8559  0.2740 
   00048    0.4266 -1477965.6710  0.2930 
   00049    0.4261 -1479533.3781  0.2959 
   00050    0.4255 -1480666.3323  0.2985 
