#=====================================================
# File created:        Wed-08-Nov-2023-at-12-35-14AM
# Size of lattice:     300x300
# Number of MC steps:  50
# Reduced temperature: 0.500
# Run time (s):        125.459870
#=====================================================
# MC step:  Ratio:     Energy:   Order:
#=====================================================
   00000    0.5000  -90642.3477  0.2828 
   00001    0.6772 -133809.6597  0.2217 
   00002    0.6241 -162210.7237  0.2575 
   00003    0.5837 -182514.7336  0.3379 
   00004    0.5566 -197683.6914  0.3151 
   00005    0.5364 -209801.4534  0.3163 
   00006    0.5198 -219863.1540  0.2729 
   00007    0.5075 -227905.4152  0.2602 
   00008    0.5002 -234814.8067  0.2366 
   00009    0.4932 -241038.8192  0.2356 
   00010    0.4844 -246345.9453  0.2189 
   00011    0.4766 -250607.1721  0.2234 
   00012    0.4728 -254642.4034  0.2022 
   00013    0.4674 -258108.0265  0.2067 
   00014    0.4648 -260988.4888  0.1992 
   00015    0.4604 -263919.3037  0.2230 
   00016    0.4560 -266250.4143  0.2074 
   00017    0.4549 -268340.8225  0.2008 
   00018    0.4531 -270404.0457  0.2304 
   00019    0.4492 -272128.2138  0.2196 
   00020    0.4453 -273671.5712  0.2345 
   00021    0.4448 -275107.1022  0.2584 
   00022    0.4447 -276453.2891  0.2458 
   00023    0.4426 -277820.0705  0.2425 
   00024    0.4399 -279018.4127  0.2403 
   00025    0.4409 -279941.2688  0.2455 
   00026    0.4397 -280639.4860  0.2495 
   00027    0.4352 -281279.5705  0.2513 
   00028    0.4388 -281896.5061  0.2333 
   00029    0.4359 -282887.8162  0.2654 
   00030    0.4349 -283812.4570  0.2882 
   00031    0.4397 -284489.3265  0.2859 
   00032    0.4344 -285078.3457  0.2522 
   00033    0.4342 -285465.8679  0.2579 
   00034    0.4340 -286177.2007  0.2719 
   00035    0.4317 -286723.3085  0.2603 
   00036    0.4288 -287172.8683  0.2583 
   00037    0.4311 -287522.6463  0.2631 
   00038    0.4327 -287995.3537  0.2536 
   00039    0.4309 -288270.0413  0.2752 
   00040    0.4303 -288537.5086  0.2696 
   00041    0.4289 -288762.9578  0.2661 
   00042    0.4327 -289287.9186  0.2523 
   00043    0.4308 -289341.5254  0.2645 
   00044    0.4292 -290240.3125  0.2425 
   00045    0.4281 -290319.9360  0.2778 
   00046    0.4265 -290855.0379  0.3065 
   00047    0.4289 -291124.8640  0.2864 
   00048    0.4267 -291745.8822  0.2619 
   00049    0.4279 -291937.1979  0.2756 
   00050    0.4302 -291967.9917  0.2900 
