#=====================================================
# File created:        Wed-08-Nov-2023-at-12-47-01AM
# Size of lattice:     750x750
# Number of MC steps:  50
# Reduced temperature: 0.500
# Run time (s):        830.069998
#=====================================================
# MC step:  Ratio:     Energy:   Order:
#=====================================================
   00000    0.5000 -562863.4126  0.2950 
   00001    0.6801 -835980.3673  0.2728 
   00002    0.6239 -1013643.9896  0.3076 
   00003    0.5854 -1140976.8980  0.3206 
   00004    0.5585 -1238230.1633  0.3309 
   00005    0.5371 -1315859.5973  0.3161 
   00006    0.5218 -1377944.5205  0.3471 
   00007    0.5094 -1430468.0546  0.3275 
   00008    0.4977 -1474868.7838  0.2995 
   00009    0.4897 -1512484.5434  0.3083 
   00010    0.4832 -1544506.8346  0.3139 
   00011    0.4755 -1572258.5953  0.3041 
   00012    0.4709 -1595976.8181  0.3152 
   00013    0.4650 -1617000.8880  0.3325 
   00014    0.4629 -1635917.4542  0.3277 
   00015    0.4607 -1652730.2749  0.3323 
   00016    0.4556 -1666913.2013  0.3037 
   00017    0.4542 -1679927.3393  0.3009 
   00018    0.4518 -1691378.4261  0.2892 
   00019    0.4483 -1701446.5154  0.3112 
   00020    0.4489 -1711835.6515  0.3224 
   00021    0.4459 -1719897.8440  0.3125 
   00022    0.4440 -1728822.0185  0.3468 
   00023    0.4428 -1736200.5845  0.3431 
   00024    0.4415 -1742452.0204  0.3150 
   00025    0.4403 -1748401.3044  0.3226 
   00026    0.4404 -1753912.3039  0.3227 
   00027    0.4394 -1759558.6741  0.3126 
   00028    0.4379 -1764022.6140  0.3234 
   00029    0.4369 -1768643.3609  0.3203 
   00030    0.4358 -1773173.2506  0.3236 
   00031    0.4357 -1777489.0492  0.3297 
   00032    0.4345 -1781292.7282  0.3327 
   00033    0.4341 -1785431.1558  0.3322 
   00034    0.4325 -1788727.5702  0.3194 
   00035    0.4322 -1791523.2131  0.3329 
   00036    0.4320 -1793726.8235  0.3387 
   00037    0.4309 -1797174.5379  0.3532 
   00038    0.4306 -1800121.4265  0.3433 
   00039    0.4306 -1802610.6872  0.3307 
   00040    0.4305 -1804831.8107  0.3325 
   00041    0.4297 -1807895.8914  0.3515 
   00042    0.4272 -1809984.9156  0.3394 
   00043    0.4280 -1812006.6049  0.3224 
   00044    0.4281 -1814433.7695  0.3225 
   00045    0.4296 -1816461.1985  0.3074 
   00046    0.4268 -1818981.0450  0.3177 
   00047    0.4274 -1820836.6782  0.3128 
   00048    0.4268 -1822275.8120  0.3173 
   00049    0.4258 -1823599.7885  0.3332 
   00050    0.4255 -1826070.6107  0.3094 
