#=====================================================
# File created:        Tue-07-Nov-2023-at-05-38-33PM
# Size of lattice:     525x525
# Number of MC steps:  50
# Reduced temperature: 0.500
# Run time (s):        83.488304
#=====================================================
# MC step:  Ratio:     Energy:   Order:
#=====================================================
   00000    0.5000 -274867.0361  0.2514 
   00001    0.6813 -409029.8470  0.2518 
   00002    0.6235 -496910.1915  0.2535 
   00003    0.5852 -558867.4599  0.2538 
   00004    0.5561 -607038.4316  0.2541 
   00005    0.5373 -645738.7142  0.2545 
   00006    0.5230 -676633.5995  0.2552 
   00007    0.5077 -701997.7423  0.2559 
   00008    0.4970 -723019.9468  0.2565 
   00009    0.4900 -741429.1844  0.2562 
   00010    0.4815 -757377.4629  0.2564 
   00011    0.4777 -770613.8082  0.2563 
   00012    0.4701 -781529.6329  0.2566 
   00013    0.4668 -791392.5598  0.2566 
   00014    0.4635 -800428.0082  0.2573 
   00015    0.4596 -808761.0071  0.2585 
   00016    0.4571 -815923.4402  0.2589 
   00017    0.4547 -823030.9641  0.2587 
   00018    0.4495 -828611.7804  0.2589 
   00019    0.4491 -833801.1400  0.2594 
   00020    0.4475 -838424.6524  0.2588 
   00021    0.4458 -842720.5923  0.2594 
   00022    0.4455 -846594.0292  0.2599 
   00023    0.4431 -850102.9000  0.2597 
   00024    0.4409 -853578.4633  0.2598 
   00025    0.4427 -856090.1241  0.2592 
   00026    0.4384 -859068.8311  0.2598 
   00027    0.4389 -861745.6114  0.2601 
   00028    0.4376 -864287.2286  0.2598 
   00029    0.4378 -866683.7873  0.2596 
   00030    0.4359 -868688.7572  0.2591 
   00031    0.4354 -870791.6403  0.2599 
   00032    0.4349 -873113.3185  0.2599 
   00033    0.4337 -874744.7052  0.2596 
   00034    0.4323 -876836.9538  0.2595 
   00035    0.4311 -878499.9216  0.2602 
   00036    0.4314 -879628.4085  0.2607 
   00037    0.4310 -880681.4186  0.2611 
   00038    0.4297 -882452.4756  0.2613 
   00039    0.4310 -883488.9047  0.2619 
   00040    0.4300 -884689.3550  0.2624 
   00041    0.4303 -886153.5684  0.2621 
   00042    0.4307 -886993.2596  0.2628 
   00043    0.4297 -887998.0139  0.2633 
   00044    0.4277 -889246.4084  0.2631 
   00045    0.4267 -890601.5396  0.2625 
   00046    0.4258 -891588.5656  0.2629 
   00047    0.4259 -892381.6003  0.2628 
   00048    0.4259 -893096.3537  0.2632 
   00049    0.4260 -894240.2646  0.2631 
   00050    0.4252 -895071.1793  0.2634 
