#=====================================================
# File created:        Tue-07-Nov-2023-at-05-37-23PM
# Size of lattice:     225x225
# Number of MC steps:  50
# Reduced temperature: 0.500
# Run time (s):        14.195299
#=====================================================
# MC step:  Ratio:     Energy:   Order:
#=====================================================
   00000    0.5000  -50968.3824  0.2521 
   00001    0.6796  -75497.9166  0.2551 
   00002    0.6255  -91475.0542  0.2552 
   00003    0.5847 -103128.1216  0.2567 
   00004    0.5560 -112050.6579  0.2575 
   00005    0.5379 -118895.5358  0.2570 
   00006    0.5211 -124418.7853  0.2575 
   00007    0.5087 -129091.0177  0.2573 
   00008    0.4951 -133143.0223  0.2588 
   00009    0.4887 -136249.6993  0.2577 
   00010    0.4801 -138972.1111  0.2573 
   00011    0.4783 -141450.1330  0.2562 
   00012    0.4714 -143819.3606  0.2592 
   00013    0.4654 -145652.9392  0.2589 
   00014    0.4681 -147418.8128  0.2589 
   00015    0.4564 -148641.8441  0.2603 
   00016    0.4588 -149852.0188  0.2621 
   00017    0.4540 -151124.8218  0.2607 
   00018    0.4521 -152085.9878  0.2598 
   00019    0.4524 -153082.3631  0.2617 
   00020    0.4482 -154115.2480  0.2614 
   00021    0.4472 -154963.1605  0.2630 
   00022    0.4428 -155803.6414  0.2632 
   00023    0.4439 -156262.4228  0.2637 
   00024    0.4413 -156805.6140  0.2653 
   00025    0.4378 -157175.9841  0.2660 
   00026    0.4407 -157870.3610  0.2662 
   00027    0.4395 -158257.2325  0.2656 
   00028    0.4384 -158784.9395  0.2657 
   00029    0.4343 -159458.9657  0.2660 
   00030    0.4371 -159928.5394  0.2663 
   00031    0.4289 -160369.1095  0.2672 
   00032    0.4365 -160804.0491  0.2678 
   00033    0.4315 -161320.5265  0.2672 
   00034    0.4327 -161280.4606  0.2668 
   00035    0.4291 -161511.2317  0.2669 
   00036    0.4321 -161763.8535  0.2667 
   00037    0.4338 -162112.5812  0.2670 
   00038    0.4301 -162377.8226  0.2661 
   00039    0.4310 -162576.3993  0.2645 
   00040    0.4309 -162955.5109  0.2642 
   00041    0.4298 -163199.4480  0.2651 
   00042    0.4291 -163303.4216  0.2661 
   00043    0.4302 -163542.3832  0.2675 
   00044    0.4297 -163848.8691  0.2674 
   00045    0.4249 -164004.1529  0.2660 
   00046    0.4294 -164314.1456  0.2644 
   00047    0.4296 -164406.9037  0.2657 
   00048    0.4240 -164720.0143  0.2648 
   00049    0.4262 -164919.5129  0.2643 
   00050    0.4252 -164836.2350  0.2652 
