#=====================================================
# File created:        Tue-07-Nov-2023-at-05-37-35PM
# Size of lattice:     300x300
# Number of MC steps:  50
# Reduced temperature: 0.500
# Run time (s):        26.070720
#=====================================================
# MC step:  Ratio:     Energy:   Order:
#=====================================================
   00000    0.5000  -90774.7460  0.2514 
   00001    0.6809 -133753.3616  0.2524 
   00002    0.6205 -162224.6771  0.2531 
   00003    0.5856 -182751.6598  0.2524 
   00004    0.5542 -198123.9700  0.2517 
   00005    0.5355 -210372.0924  0.2520 
   00006    0.5214 -220285.8676  0.2532 
   00007    0.5101 -228760.4438  0.2539 
   00008    0.4985 -235431.4322  0.2537 
   00009    0.4907 -241263.1989  0.2534 
   00010    0.4823 -246215.9035  0.2536 
   00011    0.4799 -250489.3138  0.2544 
   00012    0.4751 -254576.1616  0.2535 
   00013    0.4648 -258268.4261  0.2540 
   00014    0.4636 -261125.9340  0.2538 
   00015    0.4594 -263786.1406  0.2545 
   00016    0.4569 -266029.4714  0.2560 
   00017    0.4554 -268013.3005  0.2569 
   00018    0.4513 -269993.1011  0.2570 
   00019    0.4506 -271885.8469  0.2584 
   00020    0.4483 -273287.6132  0.2583 
   00021    0.4457 -274701.3154  0.2580 
   00022    0.4433 -276223.6643  0.2578 
   00023    0.4406 -277401.9676  0.2580 
   00024    0.4443 -278302.7813  0.2585 
   00025    0.4411 -279365.3509  0.2587 
   00026    0.4392 -280247.6422  0.2599 
   00027    0.4364 -281108.9202  0.2603 
   00028    0.4369 -282137.6595  0.2620 
   00029    0.4334 -282785.2461  0.2609 
   00030    0.4354 -283089.3634  0.2607 
   00031    0.4369 -283816.0672  0.2609 
   00032    0.4333 -284644.9268  0.2607 
   00033    0.4347 -285105.3270  0.2612 
   00034    0.4335 -285750.3239  0.2613 
   00035    0.4334 -286298.3696  0.2611 
   00036    0.4307 -286984.2860  0.2625 
   00037    0.4293 -287242.6218  0.2624 
   00038    0.4277 -287690.6810  0.2620 
   00039    0.4309 -287996.9661  0.2617 
   00040    0.4311 -288509.0605  0.2627 
   00041    0.4293 -289292.5432  0.2637 
   00042    0.4259 -289559.5641  0.2633 
   00043    0.4298 -289578.0581  0.2631 
   00044    0.4291 -289666.4580  0.2621 
   00045    0.4318 -290010.3654  0.2623 
   00046    0.4306 -290163.1115  0.2616 
   00047    0.4284 -290613.5121  0.2614 
   00048    0.4267 -290780.5644  0.2619 
   00049    0.4260 -291576.4090  0.2625 
   00050    0.4250 -292040.4831  0.2635 
