#=====================================================
# File created:        Tue-07-Nov-2023-at-05-37-51PM
# Size of lattice:     375x375
# Number of MC steps:  50
# Reduced temperature: 0.500
# Run time (s):        41.974464
#=====================================================
# MC step:  Ratio:     Energy:   Order:
#=====================================================
   00000    0.5000 -140655.3478  0.2512 
   00001    0.6799 -208834.8275  0.2507 
   00002    0.6235 -253923.0189  0.2508 
   00003    0.5818 -285828.0877  0.2515 
   00004    0.5556 -310006.5492  0.2515 
   00005    0.5356 -329153.0369  0.2522 
   00006    0.5221 -344728.0360  0.2522 
   00007    0.5079 -357610.8393  0.2525 
   00008    0.4953 -368924.5309  0.2529 
   00009    0.4907 -378139.2620  0.2525 
   00010    0.4823 -385946.3289  0.2533 
   00011    0.4760 -392942.6638  0.2541 
   00012    0.4727 -398965.8631  0.2544 
   00013    0.4666 -404391.5039  0.2552 
   00014    0.4609 -408837.3219  0.2565 
   00015    0.4587 -412882.4416  0.2569 
   00016    0.4575 -416428.2534  0.2567 
   00017    0.4545 -420143.4295  0.2581 
   00018    0.4522 -423012.0018  0.2583 
   00019    0.4528 -425765.8707  0.2578 
   00020    0.4461 -427899.0655  0.2579 
   00021    0.4472 -430165.8833  0.2590 
   00022    0.4457 -432257.7593  0.2584 
   00023    0.4395 -433634.8744  0.2585 
   00024    0.4411 -435258.0839  0.2595 
   00025    0.4394 -436942.3495  0.2591 
   00026    0.4410 -438316.7350  0.2595 
   00027    0.4389 -439887.6942  0.2594 
   00028    0.4367 -440581.2573  0.2601 
   00029    0.4372 -441969.6706  0.2600 
   00030    0.4351 -443274.7709  0.2602 
   00031    0.4354 -444237.1605  0.2609 
   00032    0.4343 -445263.9156  0.2620 
   00033    0.4347 -446252.7887  0.2620 
   00034    0.4298 -447029.3906  0.2635 
   00035    0.4323 -448051.5046  0.2631 
   00036    0.4339 -448558.2201  0.2627 
   00037    0.4325 -449351.4824  0.2625 
   00038    0.4330 -450121.3316  0.2638 
   00039    0.4316 -450913.8570  0.2651 
   00040    0.4268 -451736.3114  0.2653 
   00041    0.4287 -452189.1067  0.2658 
   00042    0.4276 -453024.3908  0.2662 
   00043    0.4297 -453221.2555  0.2663 
   00044    0.4269 -453584.5598  0.2667 
   00045    0.4267 -454547.2247  0.2657 
   00046    0.4271 -454634.4184  0.2654 
   00047    0.4277 -455174.1574  0.2647 
   00048    0.4279 -455795.6876  0.2644 
   00049    0.4280 -456416.1478  0.2658 
   00050    0.4266 -455965.0467  0.2659 
