#=====================================================
# File created:        Tue-07-Nov-2023-at-05-38-07PM
# Size of lattice:     450x450
# Number of MC steps:  50
# Reduced temperature: 0.500
# Run time (s):        58.206784
#=====================================================
# MC step:  Ratio:     Energy:   Order:
#=====================================================
   00000    0.5000 -202077.4045  0.2517 
   00001    0.6803 -300890.1924  0.2527 
   00002    0.6223 -364965.4449  0.2543 
   00003    0.5851 -411265.1700  0.2539 
   00004    0.5574 -446586.1805  0.2539 
   00005    0.5363 -474559.8379  0.2536 
   00006    0.5203 -497527.4476  0.2544 
   00007    0.5063 -516004.5439  0.2549 
   00008    0.4981 -530929.6200  0.2546 
   00009    0.4898 -544018.4634  0.2539 
   00010    0.4827 -555657.0626  0.2538 
   00011    0.4766 -565618.8784  0.2536 
   00012    0.4735 -574029.9606  0.2536 
   00013    0.4659 -581467.3546  0.2534 
   00014    0.4632 -588537.7892  0.2525 
   00015    0.4586 -594162.6488  0.2534 
   00016    0.4570 -599270.6927  0.2529 
   00017    0.4538 -603921.5649  0.2532 
   00018    0.4502 -608120.8817  0.2532 
   00019    0.4511 -612122.2658  0.2537 
   00020    0.4467 -615452.0626  0.2537 
   00021    0.4455 -618963.1965  0.2535 
   00022    0.4459 -621576.5959  0.2537 
   00023    0.4420 -624296.8704  0.2528 
   00024    0.4419 -627014.6178  0.2532 
   00025    0.4401 -629064.1414  0.2534 
   00026    0.4389 -631146.2170  0.2535 
   00027    0.4393 -633414.2963  0.2541 
   00028    0.4363 -635311.8002  0.2539 
   00029    0.4341 -636735.6845  0.2541 
   00030    0.4372 -638311.0615  0.2535 
   00031    0.4352 -639947.3106  0.2528 
   00032    0.4364 -641498.0592  0.2531 
   00033    0.4304 -642797.6020  0.2535 
   00034    0.4323 -644150.6370  0.2539 
   00035    0.4319 -645341.9630  0.2534 
   00036    0.4322 -646510.8107  0.2527 
   00037    0.4315 -647532.9966  0.2527 
   00038    0.4294 -648432.3650  0.2527 
   00039    0.4297 -648874.9007  0.2534 
   00040    0.4304 -649911.4041  0.2535 
   00041    0.4290 -650891.3003  0.2531 
   00042    0.4300 -652063.6428  0.2527 
   00043    0.4285 -652974.2581  0.2520 
   00044    0.4273 -653744.9099  0.2520 
   00045    0.4289 -654452.7257  0.2528 
   00046    0.4296 -655304.2745  0.2531 
   00047    0.4282 -655623.7007  0.2534 
   00048    0.4266 -655996.8421  0.2530 
   00049    0.4248 -656408.8883  0.2523 
   00050    0.4283 -657108.7926  0.2529 
