#=====================================================
# File created:        Tue-07-Nov-2023-at-05-39-21PM
# Size of lattice:     675x675
# Number of MC steps:  50
# Reduced temperature: 0.500
# Run time (s):        132.051321
#=====================================================
# MC step:  Ratio:     Energy:   Order:
#=====================================================
   00000    0.5000 -455390.1830  0.2505 
   00001    0.6800 -676865.5675  0.2512 
   00002    0.6237 -820837.6927  0.2519 
   00003    0.5852 -924451.0228  0.2521 
   00004    0.5579 -1003149.8012  0.2519 
   00005    0.5377 -1065514.1897  0.2519 
   00006    0.5210 -1117159.5791  0.2526 
   00007    0.5090 -1158944.0893  0.2531 
   00008    0.4985 -1194201.3910  0.2534 
   00009    0.4910 -1224439.0090  0.2530 
   00010    0.4831 -1250280.2310  0.2524 
   00011    0.4777 -1272509.4829  0.2522 
   00012    0.4720 -1291713.4235  0.2522 
   00013    0.4668 -1308651.4473  0.2522 
   00014    0.4621 -1322788.3017  0.2529 
   00015    0.4588 -1335971.2228  0.2526 
   00016    0.4569 -1347362.9729  0.2524 
   00017    0.4548 -1356573.0779  0.2521 
   00018    0.4518 -1367225.1291  0.2522 
   00019    0.4500 -1376627.5936  0.2522 
   00020    0.4491 -1384818.8199  0.2519 
   00021    0.4460 -1392123.4153  0.2521 
   00022    0.4436 -1398828.4687  0.2519 
   00023    0.4444 -1404736.9123  0.2518 
   00024    0.4418 -1410424.5422  0.2519 
   00025    0.4418 -1415884.4609  0.2521 
   00026    0.4400 -1421418.4532  0.2524 
   00027    0.4372 -1426303.8876  0.2529 
   00028    0.4381 -1430372.6851  0.2532 
   00029    0.4369 -1433332.3556  0.2533 
   00030    0.4363 -1436869.3326  0.2537 
   00031    0.4334 -1440257.3040  0.2544 
   00032    0.4354 -1443414.1832  0.2547 
   00033    0.4335 -1446500.9990  0.2550 
   00034    0.4337 -1449538.7110  0.2552 
   00035    0.4316 -1452215.1018  0.2554 
   00036    0.4314 -1454256.7230  0.2558 
   00037    0.4309 -1456574.3677  0.2549 
   00038    0.4319 -1458965.7282  0.2551 
   00039    0.4314 -1461343.2605  0.2555 
   00040    0.4296 -1463337.3517  0.2557 
   00041    0.4306 -1465549.9987  0.2554 
   00042    0.4281 -1467329.2055  0.2559 
   00043    0.4278 -1469102.6086  0.2563 
   00044    0.4281 -1471330.7087  0.2567 
   00045    0.4275 -1472680.9739  0.2570 
   00046    0.4270 -1473716.4720  0.2572 
   00047    0.4280 -1475346.8287  0.2569 
   00048    0.4258 -1477013.3313  0.2573 
   00049    0.4266 -1478473.3733  0.2571 
   00050    0.4272 -1479775.1723  0.2573 
