#=====================================================
# File created:        Tue-07-Nov-2023-at-05-39-07PM
# Size of lattice:     600x600
# Number of MC steps:  50
# Reduced temperature: 0.500
# Run time (s):        117.789864
#=====================================================
# MC step:  Ratio:     Energy:   Order:
#=====================================================
   00000    0.5000 -359331.1473  0.2514 
   00001    0.6817 -535042.6058  0.2521 
   00002    0.6228 -648308.9704  0.2533 
   00003    0.5844 -729699.4127  0.2533 
   00004    0.5589 -792506.7824  0.2538 
   00005    0.5391 -841430.0920  0.2540 
   00006    0.5221 -882161.3819  0.2548 
   00007    0.5096 -915140.2686  0.2553 
   00008    0.4982 -943746.4939  0.2550 
   00009    0.4902 -967058.9091  0.2554 
   00010    0.4825 -988134.5899  0.2558 
   00011    0.4760 -1005445.1973  0.2566 
   00012    0.4725 -1020060.6998  0.2570 
   00013    0.4679 -1033698.9585  0.2577 
   00014    0.4633 -1045920.6878  0.2582 
   00015    0.4604 -1056632.0946  0.2586 
   00016    0.4569 -1066817.6372  0.2593 
   00017    0.4540 -1075601.0482  0.2594 
   00018    0.4521 -1082728.0890  0.2600 
   00019    0.4509 -1089025.5571  0.2605 
   00020    0.4484 -1094649.0377  0.2607 
   00021    0.4467 -1100247.5030  0.2603 
   00022    0.4446 -1105485.4769  0.2604 
   00023    0.4426 -1110388.4316  0.2611 
   00024    0.4427 -1114664.5456  0.2617 
   00025    0.4417 -1118946.5310  0.2623 
   00026    0.4389 -1122868.3356  0.2624 
   00027    0.4386 -1126136.4906  0.2630 
   00028    0.4359 -1129470.0856  0.2630 
   00029    0.4367 -1132096.6622  0.2630 
   00030    0.4353 -1135708.2965  0.2631 
   00031    0.4336 -1138721.1687  0.2633 
   00032    0.4354 -1141182.8658  0.2637 
   00033    0.4335 -1143532.3577  0.2640 
   00034    0.4325 -1145656.5953  0.2640 
   00035    0.4318 -1148134.8500  0.2640 
   00036    0.4298 -1149986.1639  0.2648 
   00037    0.4297 -1151104.8865  0.2649 
   00038    0.4317 -1153447.8097  0.2648 
   00039    0.4312 -1155008.4059  0.2651 
   00040    0.4301 -1156676.9517  0.2647 
   00041    0.4294 -1159271.5092  0.2650 
   00042    0.4266 -1160503.9185  0.2649 
   00043    0.4289 -1162052.4619  0.2649 
   00044    0.4272 -1162692.9812  0.2647 
   00045    0.4277 -1163577.7190  0.2652 
   00046    0.4271 -1164479.2652  0.2653 
   00047    0.4280 -1166301.5299  0.2654 
   00048    0.4266 -1167377.7180  0.2659 
   00049    0.4251 -1168263.8892  0.2661 
   00050    0.4252 -1168803.6260  0.2661 
