#=====================================================
# File created:        Tue-07-Nov-2023-at-05-39-52PM
# Size of lattice:     750x750
# Number of MC steps:  50
# Reduced temperature: 0.500
# Run time (s):        162.551784
#=====================================================
# MC step:  Ratio:     Energy:   Order:
#=====================================================
   00000    0.5000 -563125.8228  0.2508 
   00001    0.6808 -836350.2927  0.2511 
   00002    0.6227 -1013940.7563  0.2511 
   00003    0.5839 -1140054.2897  0.2503 
   00004    0.5576 -1237884.9361  0.2503 
   00005    0.5372 -1315241.0234  0.2510 
   00006    0.5205 -1377920.9285  0.2511 
   00007    0.5096 -1430079.0572  0.2508 
   00008    0.4993 -1473976.8731  0.2503 
   00009    0.4907 -1512257.7076  0.2505 
   00010    0.4830 -1544480.7638  0.2503 
   00011    0.4763 -1571915.1597  0.2504 
   00012    0.4716 -1595577.7720  0.2505 
   00013    0.4673 -1616542.8192  0.2502 
   00014    0.4629 -1635886.7904  0.2510 
   00015    0.4600 -1652794.3208  0.2513 
   00016    0.4568 -1666954.5052  0.2514 
   00017    0.4536 -1679993.0629  0.2516 
   00018    0.4515 -1691939.8776  0.2516 
   00019    0.4488 -1703142.6733  0.2518 
   00020    0.4470 -1712121.0482  0.2520 
   00021    0.4464 -1720830.3905  0.2521 
   00022    0.4431 -1727718.6559  0.2521 
   00023    0.4437 -1735257.6012  0.2521 
   00024    0.4432 -1742580.6278  0.2522 
   00025    0.4407 -1749072.1980  0.2519 
   00026    0.4400 -1755219.5182  0.2520 
   00027    0.4383 -1760390.5146  0.2522 
   00028    0.4384 -1765026.9984  0.2523 
   00029    0.4373 -1769184.3846  0.2518 
   00030    0.4365 -1774109.7943  0.2520 
   00031    0.4354 -1778500.9029  0.2521 
   00032    0.4340 -1782492.0813  0.2523 
   00033    0.4331 -1785927.7181  0.2523 
   00034    0.4328 -1789248.2441  0.2518 
   00035    0.4321 -1792818.0996  0.2524 
   00036    0.4318 -1795771.5809  0.2523 
   00037    0.4302 -1798010.1020  0.2525 
   00038    0.4308 -1800659.0923  0.2527 
   00039    0.4310 -1803135.8586  0.2526 
   00040    0.4292 -1806212.9470  0.2525 
   00041    0.4296 -1808516.0672  0.2525 
   00042    0.4289 -1811111.4446  0.2525 
   00043    0.4292 -1813430.6525  0.2527 
   00044    0.4282 -1815819.9931  0.2533 
   00045    0.4289 -1817531.7595  0.2535 
   00046    0.4275 -1819932.4574  0.2536 
   00047    0.4282 -1821772.6335  0.2538 
   00048    0.4269 -1823959.0653  0.2536 
   00049    0.4264 -1825621.3899  0.2533 
   00050    0.4257 -1827157.4064  0.2535 
