#=====================================================
# File created:        Tue-07-Nov-2023-at-11-50-27PM
# Size of lattice:     600x600
# Number of MC steps:  50
# Reduced temperature: 0.500
# Run time (s):        580.730240
#=====================================================
# MC step:  Ratio:     Energy:   Order:
#=====================================================
   00000    0.5000 -359789.6854  0.2517 
   00001    0.6801 -534853.8385  0.2521 
   00002    0.6231 -648429.9716  0.2522 
   00003    0.5845 -728958.6465  0.2519 
   00004    0.5594 -791927.1250  0.2523 
   00005    0.5365 -840327.4253  0.2520 
   00006    0.5232 -879934.1124  0.2512 
   00007    0.5089 -912478.4800  0.2514 
   00008    0.5000 -941144.7425  0.2510 
   00009    0.4892 -965755.7546  0.2513 
   00010    0.4842 -987304.0514  0.2516 
   00011    0.4763 -1005390.2154  0.2522 
   00012    0.4709 -1021080.0026  0.2519 
   00013    0.4658 -1034636.5944  0.2512 
   00014    0.4616 -1046737.3239  0.2514 
   00015    0.4607 -1056998.4347  0.2520 
   00016    0.4569 -1066105.3497  0.2522 
   00017    0.4547 -1074604.4857  0.2518 
   00018    0.4527 -1082109.5067  0.2514 
   00019    0.4485 -1089010.4179  0.2516 
   00020    0.4478 -1095273.2898  0.2512 
   00021    0.4451 -1100814.4454  0.2516 
   00022    0.4431 -1106019.4721  0.2518 
   00023    0.4430 -1110593.1823  0.2517 
   00024    0.4423 -1115185.3711  0.2525 
   00025    0.4406 -1118987.7863  0.2530 
   00026    0.4385 -1123068.8282  0.2533 
   00027    0.4381 -1126282.4468  0.2530 
   00028    0.4377 -1130246.8479  0.2529 
   00029    0.4367 -1134146.8997  0.2533 
   00030    0.4340 -1136630.2829  0.2540 
   00031    0.4351 -1139506.0869  0.2539 
   00032    0.4331 -1141751.8480  0.2535 
   00033    0.4338 -1144046.9982  0.2539 
   00034    0.4316 -1145878.9777  0.2541 
   00035    0.4316 -1147870.8370  0.2539 
   00036    0.4307 -1149645.8309  0.2538 
   00037    0.4315 -1152320.8878  0.2532 
   00038    0.4300 -1153753.1157  0.2528 
   00039    0.4293 -1155792.7564  0.2522 
   00040    0.4300 -1157085.2665  0.2525 
   00041    0.4284 -1158420.1325  0.2529 
   00042    0.4297 -1159663.1200  0.2530 
   00043    0.4292 -1160657.9877  0.2534 
   00044    0.4281 -1162079.5241  0.2538 
   00045    0.4280 -1163236.0630  0.2542 
   00046    0.4277 -1164392.3017  0.2539 
   00047    0.4268 -1165452.0590  0.2538 
   00048    0.4275 -1166411.0293  0.2536 
   00049    0.4269 -1168200.2322  0.2532 
   00050    0.4264 -1169404.5264  0.2533 
