#=====================================================
# File created:        Tue-07-Nov-2023-at-11-52-56PM
# Size of lattice:     675x675
# Number of MC steps:  50
# Reduced temperature: 0.500
# Run time (s):        728.326000
#=====================================================
# MC step:  Ratio:     Energy:   Order:
#=====================================================
   00000    0.5000 -454415.7367  0.2509 
   00001    0.6803 -676433.4029  0.2505 
   00002    0.6232 -819432.4465  0.2503 
   00003    0.5850 -922756.4532  0.2506 
   00004    0.5581 -1001393.8079  0.2513 
   00005    0.5369 -1064734.4728  0.2509 
   00006    0.5208 -1115606.3410  0.2514 
   00007    0.5090 -1157354.9527  0.2507 
   00008    0.4987 -1193868.8084  0.2507 
   00009    0.4900 -1224225.4473  0.2509 
   00010    0.4830 -1249513.3797  0.2513 
   00011    0.4770 -1271140.6060  0.2509 
   00012    0.4720 -1290697.6189  0.2510 
   00013    0.4671 -1307577.3136  0.2514 
   00014    0.4635 -1322565.2316  0.2521 
   00015    0.4604 -1336060.8480  0.2519 
   00016    0.4564 -1348054.1889  0.2519 
   00017    0.4542 -1358603.3494  0.2513 
   00018    0.4516 -1367383.0368  0.2511 
   00019    0.4494 -1376427.8698  0.2512 
   00020    0.4493 -1384576.6507  0.2508 
   00021    0.4460 -1391907.8510  0.2506 
   00022    0.4445 -1398548.6052  0.2507 
   00023    0.4441 -1404421.3627  0.2511 
   00024    0.4410 -1410095.3885  0.2510 
   00025    0.4424 -1414957.6587  0.2509 
   00026    0.4391 -1419852.8514  0.2512 
   00027    0.4373 -1424717.9277  0.2511 
   00028    0.4381 -1429242.0042  0.2521 
   00029    0.4360 -1432790.6775  0.2520 
   00030    0.4368 -1436040.2271  0.2515 
   00031    0.4351 -1438980.2592  0.2519 
   00032    0.4335 -1442958.3128  0.2518 
   00033    0.4332 -1445931.0912  0.2517 
   00034    0.4337 -1448912.8144  0.2520 
   00035    0.4311 -1451720.6483  0.2518 
   00036    0.4301 -1454472.2047  0.2517 
   00037    0.4315 -1455820.8240  0.2520 
   00038    0.4292 -1458006.8630  0.2525 
   00039    0.4305 -1459440.4779  0.2523 
   00040    0.4300 -1461418.6054  0.2521 
   00041    0.4282 -1464026.1162  0.2523 
   00042    0.4290 -1465864.0643  0.2525 
   00043    0.4284 -1467394.5097  0.2525 
   00044    0.4291 -1468736.5124  0.2520 
   00045    0.4278 -1470760.0261  0.2525 
   00046    0.4285 -1472375.5987  0.2525 
   00047    0.4274 -1474690.5838  0.2528 
   00048    0.4269 -1476653.1797  0.2527 
   00049    0.4272 -1477839.2615  0.2527 
   00050    0.4271 -1479817.0211  0.2524 
