#=====================================================
# File created:        Tue-07-Nov-2023-at-11-48-02PM
# Size of lattice:     525x525
# Number of MC steps:  50
# Reduced temperature: 0.500
# Run time (s):        436.871311
#=====================================================
# MC step:  Ratio:     Energy:   Order:
#=====================================================
   00000    0.5000 -275077.2629  0.2507 
   00001    0.6804 -409271.6065  0.2507 
   00002    0.6235 -496581.1218  0.2509 
   00003    0.5858 -558479.4659  0.2517 
   00004    0.5587 -606410.1036  0.2523 
   00005    0.5380 -644555.2146  0.2530 
   00006    0.5229 -675303.9794  0.2527 
   00007    0.5085 -701493.8829  0.2519 
   00008    0.4984 -722966.3315  0.2514 
   00009    0.4916 -741628.6780  0.2517 
   00010    0.4819 -757785.3078  0.2519 
   00011    0.4759 -771403.9934  0.2518 
   00012    0.4704 -783033.7523  0.2512 
   00013    0.4658 -793700.7704  0.2519 
   00014    0.4624 -802186.4491  0.2516 
   00015    0.4591 -810490.4316  0.2518 
   00016    0.4571 -817459.1056  0.2516 
   00017    0.4532 -824051.5878  0.2506 
   00018    0.4495 -830117.3938  0.2513 
   00019    0.4511 -835039.0758  0.2516 
   00020    0.4480 -839691.7230  0.2513 
   00021    0.4446 -844186.4342  0.2516 
   00022    0.4429 -848151.9804  0.2512 
   00023    0.4418 -851776.0945  0.2516 
   00024    0.4397 -854655.0674  0.2518 
   00025    0.4406 -857080.2275  0.2524 
   00026    0.4390 -860143.5063  0.2524 
   00027    0.4381 -862525.8450  0.2525 
   00028    0.4377 -865402.8360  0.2531 
   00029    0.4380 -867722.1174  0.2540 
   00030    0.4362 -869989.8448  0.2539 
   00031    0.4333 -871799.4063  0.2542 
   00032    0.4346 -873461.3589  0.2544 
   00033    0.4335 -874839.1870  0.2545 
   00034    0.4314 -876834.4480  0.2547 
   00035    0.4324 -878681.6275  0.2552 
   00036    0.4329 -879856.0697  0.2559 
   00037    0.4317 -881421.1488  0.2554 
   00038    0.4314 -882527.4013  0.2550 
   00039    0.4300 -883912.1363  0.2558 
   00040    0.4292 -885070.4412  0.2564 
   00041    0.4286 -886361.7669  0.2566 
   00042    0.4290 -887686.9901  0.2571 
   00043    0.4298 -888859.6748  0.2569 
   00044    0.4280 -890171.8529  0.2573 
   00045    0.4276 -890991.4541  0.2573 
   00046    0.4272 -891215.4705  0.2571 
   00047    0.4283 -892278.6619  0.2571 
   00048    0.4273 -893459.5189  0.2572 
   00049    0.4273 -894012.8472  0.2566 
   00050    0.4261 -895455.5375  0.2569 
