#=====================================================
# File created:        Tue-07-Nov-2023-at-11-42-01PM
# Size of lattice:     225x225
# Number of MC steps:  50
# Reduced temperature: 0.500
# Run time (s):        79.161737
#=====================================================
# MC step:  Ratio:     Energy:   Order:
#=====================================================
   00000    0.5000  -50327.6679  0.2521 
   00001    0.6808  -74742.8627  0.2551 
   00002    0.6251  -90744.2613  0.2564 
   00003    0.5860 -102597.5869  0.2580 
   00004    0.5575 -111361.8018  0.2582 
   00005    0.5384 -118441.1642  0.2560 
   00006    0.5209 -124243.7948  0.2568 
   00007    0.5087 -128701.3323  0.2594 
   00008    0.4980 -132779.9838  0.2600 
   00009    0.4931 -136135.5932  0.2623 
   00010    0.4845 -139194.8983  0.2627 
   00011    0.4805 -141618.7084  0.2639 
   00012    0.4715 -143577.0782  0.2652 
   00013    0.4657 -145343.2332  0.2652 
   00014    0.4623 -147261.3156  0.2648 
   00015    0.4604 -148839.1219  0.2653 
   00016    0.4550 -150230.0313  0.2668 
   00017    0.4571 -151299.2464  0.2676 
   00018    0.4516 -152198.6391  0.2668 
   00019    0.4506 -152986.5355  0.2678 
   00020    0.4422 -153855.1535  0.2687 
   00021    0.4452 -154764.5926  0.2698 
   00022    0.4391 -155550.4586  0.2701 
   00023    0.4426 -156448.0081  0.2693 
   00024    0.4422 -156915.9923  0.2685 
   00025    0.4420 -157514.9063  0.2690 
   00026    0.4421 -158025.6798  0.2693 
   00027    0.4384 -158475.4566  0.2697 
   00028    0.4369 -158992.7299  0.2692 
   00029    0.4330 -159342.3149  0.2683 
   00030    0.4360 -159637.7762  0.2706 
   00031    0.4344 -159982.3832  0.2713 
   00032    0.4360 -160151.4081  0.2719 
   00033    0.4319 -160606.8703  0.2728 
   00034    0.4346 -160854.8519  0.2726 
   00035    0.4303 -161208.1719  0.2721 
   00036    0.4334 -161374.0480  0.2704 
   00037    0.4331 -161693.5077  0.2713 
   00038    0.4331 -162018.4020  0.2709 
   00039    0.4336 -162146.5046  0.2689 
   00040    0.4300 -162395.3166  0.2679 
   00041    0.4287 -162736.6961  0.2678 
   00042    0.4271 -162853.5340  0.2681 
   00043    0.4282 -163308.3672  0.2691 
   00044    0.4322 -163592.0509  0.2698 
   00045    0.4269 -163860.8866  0.2720 
   00046    0.4292 -163911.8363  0.2713 
   00047    0.4280 -163894.4630  0.2710 
   00048    0.4244 -164091.9484  0.2716 
   00049    0.4240 -164015.8189  0.2739 
   00050    0.4280 -163990.4949  0.2747 
