#=====================================================
# File created:        Tue-07-Nov-2023-at-11-46-11PM
# Size of lattice:     450x450
# Number of MC steps:  50
# Reduced temperature: 0.500
# Run time (s):        326.484132
#=====================================================
# MC step:  Ratio:     Energy:   Order:
#=====================================================
   00000    0.5000 -201752.3161  0.2511 
   00001    0.6825 -300536.9226  0.2510 
   00002    0.6206 -364068.8389  0.2513 
   00003    0.5834 -409349.9440  0.2510 
   00004    0.5591 -444474.2415  0.2515 
   00005    0.5392 -471581.3135  0.2531 
   00006    0.5215 -495170.6756  0.2528 
   00007    0.5089 -513734.4702  0.2540 
   00008    0.5018 -529343.7658  0.2541 
   00009    0.4886 -543082.8655  0.2548 
   00010    0.4829 -554871.5061  0.2560 
   00011    0.4783 -565060.0341  0.2574 
   00012    0.4712 -573893.3003  0.2575 
   00013    0.4672 -581341.6800  0.2576 
   00014    0.4637 -587862.4663  0.2568 
   00015    0.4595 -593711.6383  0.2568 
   00016    0.4562 -599479.0614  0.2572 
   00017    0.4569 -603927.3874  0.2575 
   00018    0.4505 -608098.7299  0.2578 
   00019    0.4504 -611868.9251  0.2577 
   00020    0.4465 -615647.9889  0.2586 
   00021    0.4480 -618687.9336  0.2595 
   00022    0.4452 -621556.4281  0.2599 
   00023    0.4419 -624477.6599  0.2600 
   00024    0.4424 -626802.5885  0.2603 
   00025    0.4413 -628721.2923  0.2598 
   00026    0.4390 -630786.3666  0.2597 
   00027    0.4398 -632324.6309  0.2602 
   00028    0.4368 -634007.8294  0.2605 
   00029    0.4373 -635668.0792  0.2611 
   00030    0.4361 -637481.5262  0.2610 
   00031    0.4347 -639200.2784  0.2613 
   00032    0.4353 -640527.8738  0.2611 
   00033    0.4341 -641794.5628  0.2614 
   00034    0.4342 -643410.0798  0.2617 
   00035    0.4335 -644714.7364  0.2622 
   00036    0.4304 -646118.2056  0.2626 
   00037    0.4308 -647314.6485  0.2634 
   00038    0.4313 -648330.8516  0.2643 
   00039    0.4309 -649102.5701  0.2646 
   00040    0.4287 -649839.3408  0.2643 
   00041    0.4288 -651044.9849  0.2639 
   00042    0.4289 -651620.5556  0.2639 
   00043    0.4268 -652470.6499  0.2639 
   00044    0.4272 -653094.0471  0.2646 
   00045    0.4289 -654026.8583  0.2649 
   00046    0.4264 -654849.4302  0.2646 
   00047    0.4276 -655158.2058  0.2658 
   00048    0.4270 -655628.1887  0.2659 
   00049    0.4272 -656582.7101  0.2665 
   00050    0.4260 -657047.7390  0.2670 
