#=====================================================
# File created:        Tue-07-Nov-2023-at-11-57-37PM
# Size of lattice:     750x750
# Number of MC steps:  50
# Reduced temperature: 0.500
# Run time (s):        1006.941671
#=====================================================
# MC step:  Ratio:     Energy:   Order:
#=====================================================
   00000    0.5000 -563305.5459  0.2515 
   00001    0.6803 -835538.2961  0.2528 
   00002    0.6212 -1013988.5456  0.2530 
   00003    0.5849 -1141058.1752  0.2539 
   00004    0.5576 -1237747.5690  0.2548 
   00005    0.5370 -1314409.0964  0.2563 
   00006    0.5221 -1377701.4334  0.2567 
   00007    0.5098 -1429772.4736  0.2568 
   00008    0.4990 -1474059.5883  0.2572 
   00009    0.4896 -1510549.6152  0.2577 
   00010    0.4839 -1541941.3868  0.2579 
   00011    0.4772 -1569028.6024  0.2585 
   00012    0.4714 -1592357.8299  0.2585 
   00013    0.4683 -1613799.0285  0.2589 
   00014    0.4648 -1632901.7004  0.2589 
   00015    0.4605 -1649509.9666  0.2590 
   00016    0.4582 -1664319.8533  0.2599 
   00017    0.4550 -1678595.1453  0.2603 
   00018    0.4517 -1690748.0252  0.2610 
   00019    0.4503 -1701344.3389  0.2612 
   00020    0.4474 -1711244.8574  0.2617 
   00021    0.4454 -1720930.5476  0.2617 
   00022    0.4441 -1729153.0342  0.2618 
   00023    0.4420 -1736886.1585  0.2624 
   00024    0.4407 -1743529.5576  0.2627 
   00025    0.4398 -1749346.0213  0.2633 
   00026    0.4397 -1755210.9111  0.2636 
   00027    0.4382 -1760941.8538  0.2636 
   00028    0.4367 -1766172.7065  0.2639 
   00029    0.4356 -1770836.8771  0.2633 
   00030    0.4351 -1774706.9755  0.2637 
   00031    0.4339 -1778652.7470  0.2639 
   00032    0.4337 -1782556.4289  0.2644 
   00033    0.4334 -1785989.4527  0.2646 
   00034    0.4321 -1789290.8007  0.2646 
   00035    0.4324 -1792125.6051  0.2649 
   00036    0.4310 -1795835.6266  0.2652 
   00037    0.4314 -1798606.4330  0.2655 
   00038    0.4318 -1801580.5342  0.2658 
   00039    0.4297 -1804546.0369  0.2661 
   00040    0.4303 -1807182.2350  0.2666 
   00041    0.4278 -1809468.3308  0.2667 
   00042    0.4293 -1811517.5540  0.2661 
   00043    0.4287 -1813181.2460  0.2666 
   00044    0.4277 -1814971.0798  0.2671 
   00045    0.4272 -1816852.2438  0.2669 
   00046    0.4273 -1818928.8284  0.2666 
   00047    0.4284 -1820229.8853  0.2666 
   00048    0.4263 -1822292.3506  0.2672 
   00049    0.4267 -1824855.1783  0.2675 
   00050    0.4258 -1826296.9880  0.2676 
