#=====================================================
# File created:        Tue-07-Nov-2023-at-11-44-29PM
# Size of lattice:     375x375
# Number of MC steps:  50
# Reduced temperature: 0.500
# Run time (s):        226.201861
#=====================================================
# MC step:  Ratio:     Energy:   Order:
#=====================================================
   00000    0.5000 -139710.3740  0.2518 
   00001    0.6818 -208708.5670  0.2543 
   00002    0.6232 -253104.2829  0.2554 
   00003    0.5862 -285397.2496  0.2569 
   00004    0.5599 -309224.3246  0.2568 
   00005    0.5396 -328342.6846  0.2578 
   00006    0.5226 -344303.8381  0.2576 
   00007    0.5080 -357330.3249  0.2572 
   00008    0.4984 -368292.4314  0.2572 
   00009    0.4910 -377903.4316  0.2572 
   00010    0.4830 -385685.6147  0.2571 
   00011    0.4770 -392847.8057  0.2565 
   00012    0.4717 -398503.6821  0.2573 
   00013    0.4666 -403757.3009  0.2581 
   00014    0.4630 -408453.1615  0.2577 
   00015    0.4612 -412436.6638  0.2589 
   00016    0.4572 -416158.4222  0.2593 
   00017    0.4549 -419632.4236  0.2595 
   00018    0.4513 -422242.3504  0.2605 
   00019    0.4503 -424356.2946  0.2604 
   00020    0.4510 -426689.3575  0.2598 
   00021    0.4463 -428946.0478  0.2594 
   00022    0.4474 -431535.6935  0.2601 
   00023    0.4425 -433283.8170  0.2608 
   00024    0.4393 -434999.2437  0.2612 
   00025    0.4429 -436657.8193  0.2617 
   00026    0.4391 -438485.3115  0.2623 
   00027    0.4358 -439884.5572  0.2624 
   00028    0.4366 -440883.4750  0.2629 
   00029    0.4366 -441987.3466  0.2628 
   00030    0.4353 -442853.3137  0.2634 
   00031    0.4352 -443839.7464  0.2637 
   00032    0.4363 -444990.7478  0.2633 
   00033    0.4361 -445673.2538  0.2636 
   00034    0.4323 -447070.3250  0.2640 
   00035    0.4301 -447959.9460  0.2633 
   00036    0.4319 -449030.6768  0.2632 
   00037    0.4312 -449697.1821  0.2628 
   00038    0.4321 -450122.7505  0.2633 
   00039    0.4311 -450910.1457  0.2627 
   00040    0.4324 -451858.6692  0.2627 
   00041    0.4298 -452411.0358  0.2628 
   00042    0.4268 -452896.5941  0.2631 
   00043    0.4284 -453399.5046  0.2627 
   00044    0.4279 -453663.7968  0.2629 
   00045    0.4276 -454290.8492  0.2633 
   00046    0.4272 -454956.6458  0.2637 
   00047    0.4274 -455406.1526  0.2640 
   00048    0.4266 -456328.4989  0.2635 
   00049    0.4257 -456816.0698  0.2640 
   00050    0.4257 -457028.5642  0.2632 
