#=====================================================
# File created:        Tue-07-Nov-2023-at-11-43-05PM
# Size of lattice:     300x300
# Number of MC steps:  50
# Reduced temperature: 0.500
# Run time (s):        142.220169
#=====================================================
# MC step:  Ratio:     Energy:   Order:
#=====================================================
   00000    0.5000  -90311.6606  0.2530 
   00001    0.6771 -133623.6102  0.2528 
   00002    0.6239 -161931.6208  0.2541 
   00003    0.5833 -182467.2125  0.2545 
   00004    0.5584 -197956.0290  0.2535 
   00005    0.5400 -210591.7807  0.2532 
   00006    0.5205 -220220.6158  0.2545 
   00007    0.5099 -228537.3755  0.2552 
   00008    0.5021 -235284.3973  0.2544 
   00009    0.4915 -241236.7733  0.2542 
   00010    0.4865 -246215.2405  0.2538 
   00011    0.4765 -250669.5718  0.2550 
   00012    0.4706 -254616.2584  0.2546 
   00013    0.4674 -257804.2964  0.2544 
   00014    0.4686 -260480.3794  0.2543 
   00015    0.4609 -263308.5693  0.2528 
   00016    0.4583 -265689.5447  0.2534 
   00017    0.4545 -267945.4325  0.2547 
   00018    0.4516 -270008.5035  0.2537 
   00019    0.4489 -271685.4866  0.2539 
   00020    0.4467 -273472.5363  0.2542 
   00021    0.4455 -274852.0439  0.2554 
   00022    0.4422 -276029.8767  0.2556 
   00023    0.4468 -277076.4194  0.2548 
   00024    0.4411 -278248.3752  0.2554 
   00025    0.4395 -279294.0101  0.2544 
   00026    0.4392 -280151.7183  0.2547 
   00027    0.4385 -280862.3170  0.2546 
   00028    0.4383 -281512.6573  0.2552 
   00029    0.4369 -282226.7985  0.2544 
   00030    0.4364 -282687.6177  0.2547 
   00031    0.4363 -283186.3632  0.2548 
   00032    0.4325 -283740.0469  0.2542 
   00033    0.4353 -284419.8236  0.2551 
   00034    0.4336 -285094.0636  0.2554 
   00035    0.4343 -285876.5316  0.2563 
   00036    0.4355 -286642.2232  0.2565 
   00037    0.4330 -287112.8532  0.2566 
   00038    0.4314 -287427.0956  0.2573 
   00039    0.4298 -287809.6575  0.2579 
   00040    0.4312 -288222.3322  0.2574 
   00041    0.4310 -288830.8974  0.2570 
   00042    0.4311 -289343.3095  0.2586 
   00043    0.4285 -289971.8833  0.2591 
   00044    0.4270 -290166.3648  0.2601 
   00045    0.4273 -290477.1565  0.2595 
   00046    0.4264 -290732.9399  0.2581 
   00047    0.4260 -291010.7440  0.2568 
   00048    0.4278 -291325.9961  0.2580 
   00049    0.4265 -291424.9837  0.2586 
   00050    0.4294 -291512.5205  0.2585 
